63535
-62309
-32894
57301
63296
-30052
18286
-36435
26783
27582
64203
-22889
63967
-12522
-9
-22814
26318
51570
-13573
-20224
-15270
3686
5609
41738
-53113
-59404
29329
-16300
-50497
-51719
-28693
-34423
-41586
-60673
-39552
29325
18818
7642
-55275
-42156
1190
9638
19341
-8291
-29322
-48459
25155
-58643
56759
-20950
-41022
-30897
17151
5343
17311
27591
11393
-12021
-17244
-11875
-47247
18732
8540
34344
39099
18666
-23579
-17543
-30793
-27312
-30204
53380
63752
46452
-6314
-62727
10432
42738
-41189
30886
-2046
42827
-12030
-26905
-31936
7213
-63537
-44523
-12205
-11473
6064
-12269
-48380
49613
-60469
-27392
18299
14434
39102
42879
8758
60123
56948
-56635
-2781
-36142
28746
54273
12669
-34712
-50991
11938
51430
60738
-13290
-44237
34029
-31638
62560
-18504
100
-57666
6436
-20189
-34118
-35416
6748
-11254
-56348
40352
-35015
41635
43408
-13224
-19210
9294
-33214
48129
-7088
-13499
-2297
-26237
-50506
21798
-38576
36998
-12360
-60567
-15473
-60810
21565
32826
-32781
19065
-42351
-52503
5637
61783
39623
4165
-54481
13327
-57990
15439
59523
-20375
-23963
47689
3354
-39605
40593
50211
43730
14745
41239
-16354
21941
26409
-25122
21935
-58891
-3962
2
-22491
13082
48840
-29497
3465
29852
26026
-33251
46963
-58351
19906
7040
4241
-20977
-26341
49203
20111
-31206
54072
-572
-32999
-11560
-328
-14782
-38809
-27528
-32589
-44879
-15848
62530
26523
8870
-13996
-47456
-5380
-26473
-15354
-13395
-61658
-36282
-199
26700
-58997
-53017
-36539
-32717
36582
59972
25303
-19623
11335
25334
41545
7562
22294
-2901
14120
-34401
-3772
52829
15095
40410
-64423
-5745
-32568
26345
-41665
-38139
-40765
-16569
-32975
31828
29821
4479
-2058
50906
8676
-2240
16736
-16400
-54332
43254
-54140
-60763
-11966
-36417
-35752
44284
7468
6746
34288
6424
54812
-49530
-57958
-8713
-49830
47224
1179
-55554
-50828
-50007
39770
50008
23349
63939
-35951
23307
59664
-36640
6892
-634
-29858
-8827
-38841
1118
36795
-43516
19552
-42572
-61047
18744
-14799
-20280
56560
40970
-34294
-6961
49575
59990
-63186
26297
53390
-6156
-25411
33520
10136
-63496
-3628
-49308
53384
27225
-10576
-26970
-18569
8310
-28138
-29536
-46051
-23736
-24756
31250
-10264
64751
64323
16622
45587
-4082
2493
40419
-2262
-17110
59104
8787
7372
3805
-37771
-18864
-50682
-14064
37975
45735
-56563
-63601
-65442
-3843
-42229
11076
-8318
-35948
33313
55405
3246
12366
13077
-24131
-1814
-56158
63274
-41776
48381
-47621
10471
55046
-30096
-21453
-41717
35515
-5797
-60227
23902
-47060
-14066
-31435
37683
61431
57412
39465
-34129
40581
39284
58552
51602
-6886
63793
46264
-15690
40910
-31481
37535
-10313
-48009
-25187
35546
-4028
-26554
17062
6982
-406
-26527
-64602
-61126
5064
26102
55244
-27149
-57270
-33350
-14948
38757
2482
-62218
530
56328
58617
25732
-38565
-58297
23121
-52473
23601
32804
-18918
-29456
8934
-32138
-47591
-50001
16523
-28540
-19678
63105
-29509
18383
-4356
3345
30698
15218
39367
-11483
59894
35131
-30980
40325
-18959
-37263
46329
-11682
-20864
63847
46975
-13809
-54818
21189
-61291
-8524
44163
52705
-35869
-53854
15668
65285
32490
10889
-6033
455
35185
50169
52566
-33682
-15367
-40637
-43436
-42649
-1217
56450
59349
-48435
6218
29135
2168
-44425
-39559
1746
-42365
-59792
-10138
-18478
-61352
50661
8732
6143
10155
59361
-15914
-40685
14468
62289
-56269
26584
-50481
25577
-60446
-42597
33830
40145
-61716
-60547
53211
-51597
8260
-50513
-58886
37333
52981
21074
59630
-38092
26888
-55321
-60942
-28722
12388
-22481
-1333
39267
44394
-34841
-19870
-5991
-11381
12214
-33004
22302
17655
-64393
-54455
60523
47640
-56297
-51861
-3065
-22063
-31813
-32492
-39155
18664
924
43452
55908
24454
-51699
5502
38348
28212
15075
56612
36253
23761
-52708
-31092
-38144
50994
7167
-29518
-64398
-55545
1677
9465
-8003
36196
-31833
42828
46447
47385
-5802
5776
11856
-4939
58419
-26148
54816
64244
-22414
41188
58691
25784
-30586
-60009
6694
-21728
56268
-63976
23147
-14918
-14373
-25635
48177
-61034
-41952
460
22299
-51750
34191
1757
45371
30058
45386
23060
10568
41692
33167
-42582
-42028
7668
2378
-53778
61983
37759
-468
-5830
-2692
-38792
-51656
-65521
47133
21704
-40746
32793
8697
19812
-19952
55979
-22374
-18189
-41370
-62930
19244
43043
6055
9319
25219
-8979
5476
-20184
13657
-22159
-40651
60390
12855
30711
-51506
5336
16257
64590
-24217
39385
-12471
18631
54701
-55226
51217
-9442
58861
20701
11049
-39770
-56158
-10510
3495
47642
-9434
-52718
7641
-20582
-52445
-15532
45083
4302
-61365
-50537
35545
23734
38975
-47314
-25775
44605
-26146
51347
61103
63496
3667
-15289
61237
-9407
12859
15449
-8109
58023
-42159
11547
-16321
-1161
-10437
3901
-17319
-25273
32829
-56980
2976
-43664
51969
-48865
34421
-19533
50005
40654
-8066
15600
-28532
-3548
-43944
62458
52024
-52311
29739
39115
63319
-30407
-64927
17817
52606
35114
-51556
58676
-43269
-63550
40520
54988
27912
16332
-61650
45296
-6973
9548
34735
-858
50443
-8054
-640
26560
-5835
-8356
-52552
-44238
-10546
62331
9109
7395
-26396
21252
-25390
47115
-56059
40259
59572
-26397
-213
38973
112
43012
-46381
59491
-10934
-63665
51605
10230
-50477
-57100
-12405
-5363
-5320
44987
-4555
-46310
-8199
-16658
62004
52279
-7203
-62834
8078
5478
3667
38540
32147
53912
10607
15245
-51211
3864
-17487
-44737
-3564
57920
-55563
-52559
-10766
50592
-50050
-40074
34370
22173
-65067
-39795
-55569
2867
26617
-6776
19892
48611
17236
24295
52323
-50981
5691
-40261
21987
-64611
63099
-36078
30330
37683
60593
52216
58240
50724
-43143
-30543
1367
19611
17086
-20644
45847
-37850
-32182
24358
38452
-34401
1198
-37304
-8053
-37823
-49470
44866
-10643
45315
62767
-28802
11243
-32854
-39616
51710
56200
-48416
-1572
-38851
62212
-2007
17194
-32325
47547
59494
-60797
-48518
-32889
33175
-32502
19332
47365
-39784
51699
14563
50397
3405
11839
-41887
2247
-18559
-4109
36642
-27199
-58293
6625
15635
-43712
-50158
58008
-43287
-19844
-3727
18499
19995
51146
38322
42879
16925
-38410
-56337
20620
-25948
20219
-25928
51339
32540
7664
-22268
-12921
10383
-31370
36547
47558
11748
4244
-57186
-26607
-19894
23185
9914
12273
32813
-64532
34936
60941
-19151
-51880
-2417
19264
26954
59981
-30732
-5156
-36019
-14747
43964
14430
56258
15870
65434
-49845
59071
-55396
41421
-40391
-2854
-8751
-14114
61646
20634
326
-57527
51496
8920
27423
58630
-62303
14127
-36437
63176
-44652
-9585
26649
59982
53058
32829
26626
-61976
10965
34873
27081
-63786
9592
-39851
29637
11470
-14043
64678
-64836
59289
50898
12124
-49331
59287
29179
-51298
-4757
35149
37377
-43322
46451
-15210
51062
-54679
-10776
39995
-61731
20501
-49646
-26701
15666
-55375
-16298
-16217
17343
40043
2106
-64692
48030
17696
28921
-28930
-40102
16336
-28091
-57149
-34117
30531
-15324
24695
33963
34357
-16860
-16623
-20723
-6635
-47400
54524
-28116
29719
61276
59246
-32987
30255
-9659
-40642
555
47429
-51028
-23663
17733
-62833
23721
14380
60163
7095
-42682
-25240
4092
-20308
63070
-41920
12435
-56390
-20411
-63971
25006
-24317
20697
-47393
23449
-13079
-1911
49315
62385
48289
17407
36108
62260
-26492
36006
-52132
-8679
-42805
22926
-15135
7765
-7191
38958
-59829
-58014
11560
56828
-34053
-2915
-13868
-36040
60862
55444
-47155
-13021
27199
20216
46833
-21021
-18461
22858
-61718
7876
21889
16877
-9113
-32331
64325
27030
16140
62028
-45757
-17622
-62178
2375
46850
-46564
32230
17642
-27357
-38679
18356
-37233
-59778
8536
-40937
-21298
14415
-31513
32031
-55134
-52940
15638
46469
52042
25744
34795
12346
-18617
-13989
34677
55834
52813
7049
18435
58280
-19268
15867
60809
-843
32539
-1362
2980
56634
44800
50904
35141
-16075
-8858
-46680
-46383
4292
58332
65233
14134
-1168
45343
61428
-57189
-46441
-26226
10440
-60287
-30513
-16428
38862
-19370
-61945
-46753
8437
31753
-29409
-59036
-41227
49945
14262
10909
-63152
-14218
-52571
46065
145
17273
-23756
38786
-51480
39544
-741
-27578
-41739
38605
-7483
-53462
30313
45796
-62840
16428
17594
26194
-53277
-63752
-2186
-30445
26216
-54225
31169
-7733
47602
3935
49639
-58449
-60266
-52618
-27519
-3626
14333
61739
-62884
20178
61773
-26633
-28568
42891
-35931
-14539
-23278
-25906
51678
-51773
-2244
-44798
-63390
62893
14181
22931
-35342
23041
61925
6205
-31743
10862
58921
20908
39038
53411
-43041
-53551
43058
-1013
27577
47952
37886
-22241
63180
-41246
-3818
-47485
-61939
-25360
45046
61978
-23835
-43335
-50125
-30400
6086
-57566
-43331
-29399
-13161
-55231
-17880
-14227
-17876
-17431
24008
30104
-50539
-29748
-12258
18958
-27892
-25961
-47537
5222
-27692
18275
-10224
-62715
21660
28996
-54320
-43266
25086
43375
-57087
-39885
-4610
34808
-37480
-23887
35980
-40104
23348
23033
-2114
37730
14550
41769
-10935
21088
-48413
46661
32385
-33851
-6968
-15359
48111
19989
-25925
4007
-71
1901
-46646
-4131
59062
45327
-22478
40229
64546
43577
12239
-3271
-53090
-54229
-41668
-58042
19658
36327
16800
-16492
19857
-20103
38998
-20312
-62777
-18228
-19561
-3432
38264
59132
22620
-41022
48615
-32498
34288
-19291
11878
30988
-35318
5267
-56446
31713
54881
-64193
-44452
-56595
14705
24118
64093
-31403
20915
21254
-24899
-17777
-32537
39395
-18774
-50485
-28171
-58701
37888
-65500
-58332
-18916
49257
-59860
10863
48731
-59769
-35249
-11137
20722
60144
53325
-26986
43886
-44829
-35933
44648
-24041
21936
8750
32609
24311
9439
-39622
-18920
8175
-9402
25821
-56389
-54206
-10247
10938
-4784
-1058
-56493
6839
46781
-58746
12410
-52246
-17072
33605
18094
-37899
32588
-16173
-41625
11949
35000
-43236
-36562
27597
44665
-33507
-60849
9748
5311
22720
-46857
5276
-20897
50142
-8449
-62859
-59417
42905
-39442
9941
45430
44250
-37746
32212
11132
-23033
55214
20985
-16278
-20498
-20605
25187
-10528
40179
48603
-48287
46357
46682
-50883
-56131
-11816
-5589
-26505
17210
48454
25076
4391
53444
11760
35188
37805
-57086
26489
-31420
-43359
30265
-56757
2018
30005
-46384
15989
-32352
-28173
60494
-59840
-38665
-56895
19971
56865
15488
18541
27803
64374
-25285
3405
10071
5772
-62007
-19314
-31811
29797
-16394
-17599
30394
8119
-41946
-60964
-44047
39071
-63953
35514
63759
-36882
-62482
5361
30646
-23088
43930
56595
61475
-2645
-27459
-25258
-28761
-17863
-37736
38144
56193
-63630
-47459
-20377
-5407
50142
63210
-31942
47211
-43233
-45868
-51349
27169
18995
43022
29744
6654
54011
-40229
-24336
28508
51002
21877
6365
-25112
52952
-5480
2810
36933
64579
-41268
17880
9240
-32517
-41640
-32130
33568
272
50993
57887
9402
-8926
53275
63817
-14193
18042
63303
-1021
-25356
3334
30365
-42314
-28196
3695
-29640
15397
52579
-57283
-25098
-7469
-33894
-64121
50821
34
20725
-3496
-50767
44358
-13532
-54657
-53771
5701
-60474
-37856
35314
9468
-54017
-44850
62841
-29703
-29840
-29624
39680
-10946
24624
-57865
25510
-57850
13461
2930
-50273
51758
29172
-22180
26512
64261
-62022
-40559
-10503
-20472
-20895
-59681
59582
-49843
-16996
-39775
-39247
-60607
-48994
25220
-11691
-53912
-5719
-42946
-58225
8279
10043
64991
-17439
41371
8832
-40446
-22663
-2783
29192
7452
34455
22266
-52811
45566
47359
-41060
-24849
6393
-63461
-46581
49462
-6589
-63651
64933
-62574
29962
53541
1068
40
18245
26527
3307
63249
-16922
10448
-283
48965
-32651
49865
34435
-57798
-59003
28652
-45380
-32403
27198
-42907
60393
-37420
9614
-21452
-64948
-54227
47422
-62247
-59907
22775
-54986
-39993
46215
50142
39361
56468
33976
-43523
53203
-23748
51219
36457
34256
3771
-61680
48697
38449
-42652
19464
61145
-23023
-40702
6576
17181
-36672
3703
-24023
38940
9568
53888
41069
13848
29097
18989
-48042
-39621
-43358
42513
53679
17953
26557
47206
-63055
44543
27033
30863
-51864
-2041
15628
38209
42103
-54432
38272
11877
41030
48153
52147
-50826
20103
-1877
-9127
36481
40932
-30700
-42025
-3032
-54346
-44225
-25930
52642
47445
53915
-32496
-51438
-39957
21597
-20399
58804
64194
25118
-22753
27232
44264
-19962
-49938
-46576
-45937
-39641
-18627
4100
-22100
-3973
57153
7271
2990
-25126
-26403
-30422
-11744
-25293
-53050
-1563
-52210
-19578
56505
45204
58445
-45138
140
-46026
20726
-47029
-36459
41366
13127
-50343
-8473
17318
-38740
47303
34848
8167
847
11970
-64755
-27247
-32437
32236
11073
-16251
47491
-16543
-29960
864
-26178
27973
-17378
-20906
-24074
-57693
-7332
21638
-43263
-58445
-27621
-43933
60642
-41624
-35742
55359
51260
-38134
47225
-28420
-60470
2790
-29789
44813
-36662
60675
14922
63705
-32780
-50925
17011
23718
-11173
54723
60346
40319
43966
-14644
-33895
21826
-6142
38211
-34837
43412
26355
36509
-3498
-39791
-36087
-16841
-44044
-60778
5584
34539
32543
53335
-47645
-18537
-15549
-6114
-18818
13737
63049
23167
63812
11077
-28382
37542
36406
-63523
20578
-61432
-26745
44836
-41265
-57480
-17862
7503
-8920
-4567
-7019
-61983
-60820
-20590
6166
-26431
40662
-6609
55065
-37637
-21134
-44053
62112
20025
51893
2711
55452
15847
58339
-22035
-18745
-44964
60144
-30074
1734
11116
-54817
41065
-10251
-9551
53681
13249
3623
-33759
36127
-41264
-654
-13986
-32714
9893
-59327
33390
27225
-8516
65308
-13676
12915
35376
-23135
-34884
-50255
-26675
18448
-52979
12591
24402
55043
-34670
46113
-33343
12433
-41796
-21503
-62419
11252
63353
-48684
59972
14937
21045
2107
41318
9910
23691
-2945
33564
24212
-59880
-34822
-59414
34130
-47399
-10350
23071
64591
-48000
-27267
44726
8717
18671
45624
-31599
43867
52684
56641
-42135
-25199
-21471
-19727
47430
-8248
-30484
-48261
-3620
-57403
15870
-62293
-47752
-36040
15649
-10642
31500
-39248
63997
25822
-56584
-63584
-40381
53993
-48404
48708
18353
3402
-12876
-49662
-44310
45699
38759
-11752
26874
30049
24799
-39257
-33518
27820
9243
45035
-50988
-29258
57777
-51738
12962
9428
-39794
-5961
-59392
-41482
-47149
-57519
-40459
37451
55988
-2121
-21081
-65302
-14247
8204
26015
21978
-41099
-15093
-28017
-7042
16410
-29433
-22148
-60713
-12226
-39200
2184
-10966
-26855
24337
-26451
8423
52339
34365
-27772
17851
-14068
-55888
47072
27337
-11054
-45113
57368
-56645
-54379
52010
-23813
-29868
46284
62736
4079
-58759
45726
-43085
9678
37058
-50338
-42625
-45887
20212
-43154
8153
-32248
-45002
44521
-12146
3966
13940
19354
-37789
46894
62292
60411
-57712
55276
65474
33555
-44942
10402
-7285
-28559
-58282
-52787
37582
5610
15902
12257
-42052
31165
64517
-18497
48155
-369
3475
20533
-14803
33998
37931
-57288
-33761
-29150
64195
-59449
31990
33806
37764
-17199
57897
-41241
11216
-37098
-6485
43084
-55736
-60767
14350
-45986
47000
-50036
-25369
-60081
-16670
16694
-43762
-42385
-33178
58238
5967
20073
-42353
-38921
-26702
40955
-29894
-38796
63688
-19269
-2880
-57293
38059
-41585
-28340
46999
42325
30734
-1165
-25362
-56083
-48302
-59935
35768
13497
-20317
-9122
-14194
-46619
-61295
-22296
-36285
19915
-40342
31315
-48345
-34565
-19002
-31705
-29467
-14544
32269
-8276
10825
10863
12513
-8650
-55703
-31397
-49630
-36758
-13206
53901
37384
-63445
-5917
43706
30256
29264
-44954
7536
24196
-8487
-57942
15770
47975
-65367
-18880
-1266
26801
-22459
-32579
-39110
55846
-11037
-50329
-55693
54432
-6922
65503
-16402
-48708
65018
-15938
4443
-19790
-17828
63888
51854
-13269
667
50460
10143
21616
50321
23279
24980
12878
-32874
-34135
17940
-15394
-7750
11383
-40682
6898
14777
33535
-22878
25567
60722
15872
-37508
97
-28307
-6521
65216
-60303
-16442
48959
29092
3081
51728
-63493
-47047
-44551
-12193
28568
-1408
-24087
-26078
-22839
16027
2473
6713
-5761
18896
933
-55215
10182
56536
2653
-54097
24464
-9346
59381
-5724
61052
-22616
-64777
-46931
-53342
-52003
-61671
58764
-19430
-62704
-49136
-10309
25907
29980
50098
-45403
43891
32295
-47712
-46240
-44041
58929
-36124
-26635
-863
1614
50395
-15506
20469
-9395
44281
52892
61133
45983
60711
26194
-27404
11798
-19241
-64429
-12377
-14563
21325
-64550
-56969
32649
29149
-52889
37131
-56280
-62157
9227
59155
-63604
57092
11164
48912
42281
62337
-64851
33724
13473
-25267
18848
24818
-63506
57611
21098
56095
20683
-58791
-20531
14653
-60882
45043
-13225
-63414
19541
-41282
7837
37087
4846
-36847
-32278
-13094
21198
-65339
7059
-4265
291
-27958
-12367
-38334
-36975
33497
-52867
50087
-59568
-16018
42724
-22393
-37767
-38002
7786
-4838
57959
-61738
-45836
-61777
64748
-49356
35939
9077
52087
-49231
-61495
-20064
50699
27189
-41841
-916
-16037
-14921
-31610
-24388
-5360
-26591
20493
35614
-29410
25921
-6307
-3154
-56074
-1642
-8328
-63075
51825
53084
34120
31786
33475
31192
-29202
-15456
60801
17504
-58156
27911
-49602
21178
29859
-13019
-5542
39011
-50649
-5096
45722
-57571
-1288
14
-18645
-55989
-12635
9407
-35640
-45694
-23456
-27997
4857
-6177
-29283
-30052
3128
-4640
-51032
-38282
599
-53107
37170
-47920
-51936
-57747
63234
-50989
48266
10220
6296
51368
-36148
-1903
-17299
38582
45279
-15262
-12633
-49005
59003
-257
34732
56793
58471
44015
10176
36123
-36396
-43958
-21042
26990
56213
-26565
13272
1487
-23599
-2111
-21764
46082
-57853
23872
23998
52470
-25159
-29517
46426
39346
63940
5943
-47037
-19035
6201
-8561
-39755
-44307
-34490
-3613
36116
35654
-14263
54399
-36034
-34001
65291
49999
-2122
-8672
-59089
1196
64025
-62835
24582
-42801
15235
8474
56201
-37541
-27681
-20636
-5354
-45892
49700
57632
27951
55450
18693
-16740
-48266
27065
-11165
-7606
-5003
-10595
17284
21179
-19236
43829
-49751
52486
-53245
3757
-4337
41716
4803
502
10716
60290
-46704
56060
15200
41972
6947
-6152
-50035
-33002
-1247
-27253
-64924
-59118
23365
-15302
30593
-31566
53359
52401
28443
-23092
-30153
17448
50287
-22241
49556
38693
16935
28484
-4016
2426
-37077
32876
11788
52700
-59465
32159
-12834
-49010
-12217
29604
62380
-57399
339
49751
-54508
-11501
-44561
61003
-58850
-42904
58792
35876
-32298
-31095
-37350
49759
36264
27204
-1068
44786
23324
39845
-19488
23419
-25992
-29793
-18492
-46703
-63995
-8272
6126
-27528
-50840
56323
37705
-42828
-49065
-56360
-13514
48436
611
33008
-34084
25103
-10089
37525
-43320
-65455
-62728
-31204
-26561
-31902
13768
-3374
52734
-14227
-17564
16298
-24450
-7392
24679
31336
48576
-46744
27562
38927
15004
-21931
-28335
10256
4755
48199
31322
1808
-51101
21796
28339
-20262
-64210
-14116
-12193
60408
55855
8918
54080
49741
-23753
-14691
-44548
11507
-13617
62890
8007
-14654
50026
-13191
-40078
-8518
-26910
52922
-36018
30606
689
-58503
-37804
42241
-43021
-11342
-16178
-2826
-5755
-39182
6227
-34434
61106
-17885
34006
-23961
59269
24749
-63043
34661
9752
-35664
-52030
-33214
-27089
-24737
28713
39865
-61483
-24167
-6486
-7202
9178
-55247
34281
-58274
-28700
-27340
50451
35151
8382
-51595
12907
-37803
67
-64151
23932
-18413
4542
-47350
-9639
-61877
33058
-12503
43831
56764
-38152
21764
34250
38467
7096
32565
-12174
28879
59601
14951
43268
-58621
-64578
-36904
-1557
39415
330
-20300
16330
-11618
23429
45331
56466
-34089
-59745
-8266
34441
-23400
-47703
-36360
-33994
15112
15973
-5107
6089
-54517
-2629
-2092
-46139
9393
41553
-22254
34233
61020
49866
51620
-61331
-31899
-53519
-33867
18802
42245
33316
-65062
40672
20872
-20349
3901
-52208
29324
12377
-12122
3941
-44801
-30039
-48259
41098
-44379
-44744
32638
-7098
-31335
-35955
32682
-26099
-49870
62573
64511
31336
29352
-4872
-55933
11749
58080
-58622
-55973
17662
-29923
-14178
-44519
-36448
-18338
50173
46589
-44596
38314
19
-57253
7965
16125
-63864
42399
42563
-5821
-8036
-52232
47124
-14105
39046
33315
-42045
51599
-9097
-56533
24354
36068
-54352
50514
-38899
-41420
8597
41434
-56898
39132
-42151
5047
-34615
24660
23090
6943
14461
4998
36160
7138
33649
-18428
-17200
-14206
-9599
-17602
13284
-8318
45511
-34656
-26427
-42466
16339
17544
25624
-32420
53772
-9217
42318
63889
-40434
-56236
-11105
-1888
52467
-26907
33368
58223
-27003
-21267
-9675
-60839
62074
29208
32574
35222
-51840
24998
-12292
26902
63837
37702
44245
51201
-50500
-15723
22248
-62672
60322
53522
12881
12197
2118
41858
-35274
-15872
43854
-10423
-25158
50919
-30165
-19320
-23148
18975
-56591
23581
52813
10510
-34530
58324
-63602
-29184
-7559
4299
-40478
-60728
-60424
62394
45946
52836
54375
-9078
-34950
-59887
-56689
29170
2396
5741
-10513
40027
10344
21236
-51882
3115
28273
-40752
18811
36135
27858
10489
-58709
-20768
-26766
-63748
35829
51640
16467
1326
-13431
-6652
-6500
-54974
34788
-9357
-47150
25934
-13278
-23800
-26605
41697
-11308
-56414
891
16698
-3367
25992
-56552
64271
849
-11780
30747
61396
16016
-56755
27161
38931
-53766
45876
-18662
-1660
61586
41012
-63671
-51688
-2037
-30327
-29355
-13087
4872
48239
-26837
-40438
-38709
-55004
-58098
64910
-16306
-30005
-6980
39892
-50176
52440
-568
-24053
-16321
-65061
-8235
-28634
63992
6810
-44516
65193
-40201
-16714
-42791
-64464
-16853
-48054
51338
-51797
33873
-20531
65447
-63829
58327
-22351
14228
9409
-49877
-62453
35090
-23615
-59368
-45571
-50575
-9984
-31540
-43899
-61767
-26331
23142
22022
-64253
32806
-45755
7477
4518
-20722
-9996
-18293
8963
-34991
10787
2895
-20012
23212
36238
-8904
49519
40178
29266
48628
-64020
27312
60555
10631
145
-62156
-47774
-13717
-3911
55564
53279
28823
58397
1612
-32289
21986
-24714
-16009
-5544
25940
35232
30124
-55687
58071
11763
35658
-59187
6223
18381
-57261
-11855
-61681
-31503
-57993
292
45465
9100
53499
34092
-54056
-53192
12415
5251
54151
-59016
-22295
45710
16784
-17170
44586
41484
-4021
29048
5038
-4052
-17762
53273
-18658
57386
22793
9315
25820
6011
-31587
39061
-40460
41789
59379
-33461
-38022
29349
50741
62207
20371
48025
30950
-13808
32769
19859
30963
63103
13912
-20214
42812
21558
-31547
-1564
-22674
52743
-61094
-63711
27812
-54034
61963
-59431
-17945
55443
-42283
-5643
9446
-33726
-4297
59089
63649
-42141
-1218
4599
59802
34856
18697
14909
-64178
-32712
-10504
-63677
-36750
-51203
25870
-63394
22186
-37309
33275
-1650
-44867
58393
32295
-45594
64982
-17557
-45398
59130
-54214
53572
46373
-22533
63939
-30915
-44676
54853
-51813
-61985
-19154
18233
36523
-6386
-1755
25729
-62138
17241
-19923
-5335
46999
6387
51381
-4986
8996
-26109
-773
39547
59411
-5580
-47692
29331
-9112
-31645
37365
-6576
17291
-35729
-1278
-1447
30427
-18999
-21160
-8990
47710
61352
5317
-19508
-57299
-23106
6171
25075
-9345
-45392
58217
-48551
36108
-9027
-52768
-23305
-32923
22408
52331
48904
63310
61049
-25347
40557
-3379
8767
52169
-52178
25426
-17651
-25366
1205
14969
7080
33835
-30649
52907
-23840
47871
-20208
35986
-13388
-30101
-30480
25595
8501
-32886
-43151
-7307
-7914
13973
6850
-19620
42971
-39815
-56267
53390
7236
22237
53465
-35624
-10950
46678
49766
-43879
-64850
-3879
-20667
-21147
57489
-53903
-35806
22148
18766
26213
-28518
39259
26940
-48643
12526
-24889
-60235
31121
36530
-50777
-54401
62527
-32752
-60451
58985
-2
16904
32204
-36069
-32572
-55712
-30445
-65402
-16574
-15227
59556
57826
38844
-23328
-2022
58793
-59555
35905
-35252
-50807
51644
-63009
-46414
-56351
-40620
-63601
37303
39938
-44559
-28000
55920
6186
36957
48143
-60255
62056
28879
32553
40356
-3913
14169
-44662
65391
-42395
-51146
-53751
37413
17336
5537
-2358
-9944
-29105
42768
47754
45975
-18699
32339
28721
10027
-23631
53311
-53687
-25423
9646
-31051
-2364
20024
-58981
27033
42960
-60886
65027
-58322
50377
-34398
11878
42743
18405
60520
-48021
-14435
-4995
36695
54231
22957
20938
-30014
38560
5426
64769
59032
-29830
-20353
-25353
-28466
31567
43105
32667
9831
-41856
-30315
-42711
-39748
-22502
-54796
-64390
-58382
27545
32244
-32176
344
10327
-31777
-6895
-9184
-14081
101
37297
33172
20443
41112
-44759
-42696
30814
15149
-47953
-36109
55308
-18438
58334
-38306
32142
58177
31187
18360
43793
28459
23684
28075
26183
11369
-31538
-10715
-19771
-50926
59582
47124
-41655
63015
154
15839
3517
27364
6955
-23143
-40754
37936
23372
54297
-54387
46937
53887
28535
39756
26987
37925
-25107
-58683
-30095
12006
-54738
-38009
-54084
3842
18361
-57593
-14246
36948
61598
31431
1102
-60363
22324
-54886
49634
48299
20546
-61429
8368
9389
32459
29116
-30819
24252
54151
-1908
64775
-33228
-23459
8669
15864
-57931
-30458
-62789
1937
51357
1872
59804
43752
-54597
9662
49355
43823
-4316
43239
-7853
-15624
-63795
-20168
40399
-28985
-33674
59189
65500
10780
-42322
50072
-4550
-15016
25186
-5262
-43099
58621
-60888
-3396
44388
-550
-28022
-59416
55596
-42860
-42278
39236
18230
54918
11437
20913
-60923
-145
40697
48775
42824
30029
58305
-30034
59160
-9048
-35771
-59024
38099
-13475
17508
-4774
65319
18975
32513
-37668
-28040
5619
-57922
-6975
4392
42457
-32790
48361
-58656
-44510
32617
-61681
46483
-59223
-13700
-41890
-36082
46660
8075
-40287
34900
-3999
57958
51959
-65320
25507
34165
-18528
-5368
-3040
-13969
46070
53910
20478
-58144
9358
45546
-8450
39111
17688
-50680
-54972
35080
-35327
-49837
12822
-55659
-55680
34995
-20362
-20593
-61183
43335
8851
-11588
-12250
40823
53432
-303
21393
-31011
-28370
11652
46233
52187
20584
22923
61142
-20547
-54461
25956
-43243
-32096
2576
-23098
13483
-59925
4938
48844
32083
-50902
36746
15729
45400
4638
-20914
32795
27569
-13665
4485
-39238
45377
-41281
-4740
-34199
-50004
-25869
45829
40208
60050
25202
-33161
57372
-46661
58550
-11483
60239
-50913
-55730
-20548
-28057
-36922
-60742
25857
30201
42037
-20308
-29716
47647
-33721
33395
-27846
34204
-21674
15759
51941
-26366
-40145
7758
16660
28271
24592
18915
-4127
-61699
-60719
-61216
-36146
-33320
30457
-33295
36433
37216
46365
17143
42595
30847
-32316
15386
43074
17596
-2980
39916
5248
-45023
28203
27570
-57313
-41947
54176
-57601
57984
44648
-20131
8913
-55895
-41233
-13892
-61980
-15641
-39781
27527
-30952
6755
-7992
56069
13892
-37284
55016
-65145
-60053
51858
16173
15561
-51194
-49138
-59448
3081
52243
58593
-30147
-43586
55960
-16979
8282
20642
21544
-20646
-50081
53376
50008
-11470
53784
34617
3654
45650
-14197
55091
-9293
-4775
-28217
-18350
-43780
11704
-32477
33701
-48663
51013
-23379
-52998
26469
-63636
-1515
31185
-8463
44980
9709
-65433
-1000
30514
19443
-60426
-14779
-10979
-23777
9657
43519
-46811
-34300
-43473
47670
52263
50724
12426
4140
16130
50015
30674
50286
63699
-54015
-10507
49129
-36624
-41060
39539
-17575
28553
2450
59620
-55324
-61936
46655
-13229
35239
41433
-2243
-41762
-50781
-3483
13672
50620
52186
-1878
-50501
1321
52441
-27443
25532
53559
-1405
-62230
-51238
45353
35104
54116
15440
-62522
18845
39665
9763
-65364
24564
-21053
-59113
112
16128
-118
64928
-2768
27098
-45316
-51308
-13372
-13937
-802
-41261
43145
33846
-38208
41587
-34202
-49221
34467
-6331
61187
31726
21251
-6914
6692
57179
54223
59582
-12766
-21481
-58280
59149
-37213
25804
54933
-27197
18674
-48626
-26145
45879
-42544
-11815
-42572
-3894
-59577
7196
46685
34528
65302
-39402
-43530
52105
-41820
52840
-17154
-28997
-53174
-21253
52366
-62872
-50139
21164
-59539
-53289
22277
49725
59946
63699
10305
58096
8639
48808
-4829
-17454
-16081
-950
48287
-27436
63287
25397
48304
-58657
-53514
-10616
34002
15822
-37226
60063
-41027
-40184
-12623
22899
-48235
-38033
-32786
15130
-30866
10440
39395
-36801
-27757
61452
-48028
-32669
30775
-41162
-3674
26310
53236
-24181
18822
27469
-39049
-10963
34468
64445
-49603
-38244
31922
-37405
-44849
-34768
53277
-5731
36373
-30662
-37258
38811
7641
-9208
43838
14324
9009
11800
1233
50031
-26665
-9770
31143
47867
47164
34448
-28589
22715
53948
50751
-53910
-60302
54768
55272
31312
57898
-21108
28982
-11076
42400
3007
57430
-65382
22029
-37047
21547
-6040
32566
51297
-1162
59887
11117
-21193
34444
32097
-64531
18589
-35831
-12256
-40269
53680
-47675
36421
-48743
51280
64695
32302
39308
-57644
-32141
19833
50999
61974
-12437
-61606
43926
-31407
-62938
-61786
-18665
55110
-22646
-48326
11751
47421
39275
-30240
-40904
55385
-5251
-3533
61477
60036
-50749
61030
-31463
24886
55394
55841
57489
-51112
-36090
-25172
17014
-32768
-8553
-5163
-31037
-20896
51392
-25453
-20959
-33881
38942
-56386
-13978
20575
17539
11411
-40515
-35403
43844
13360
-57605
-2862
-20694
-17037
15044
32018
35416
-42786
14574
7882
38047
-6055
31323
39752
-50217
-5897
-52668
-55684
53183
-42214
-20095
16921
-1095
62335
1340
18009
-58081
-25640
-63261
62507
-37392
37066
14533
34751
-62286
-10391
30198
-61076
-40797
-41653
58096
49651
58504
65175
1241
38973
-18845
47402
-57282
-22160
49169
-57691
-10840
8758
-15715
12044
-51558
-58140
25937
48659
-62653
53682
12741
-52532
42981
63136
-22660
-48616
-59027
-4336
-3985
7535
-15202
56799
-34703
12054
-58167
-39772
40719
41296
-12000
-41837
7843
-16869
42693
44783
-60976
46016
-41648
-1026
9663
558
35945
-4686
26746
46180
63581
41324
63882
13601
15153
-14886
-22444
-18954
-38377
-64858
60216
-37223
43052
-106
-7928
20312
-33406
15409
-59032
-4338
9042
50823
53273
49337
63170
16950
6849
-45696
54635
-58561
62501
-36573
58019
-33320
-63925
-25025
-14487
3320
-27917
-11365
36993
-40983
-30905
37133
31010
22788
-8452
-63815
-37026
-50365
-22644
-30962
40240
-64014
2443
-21902
50826
13584
-59680
-31449
-31631
-21934
25251
51424
42226
60827
608
-60607
-29788
20537
4727
-55311
-4289
13230
32104
37402
10696
23805
63952
-37129
58204
40655
3315
-34426
-26220
36095
-5044
65517
43166
21602
44179
-33022
-57447
-31585
-44430
37828
-22715
43204
12065
-29501
31241
14997
23429
-16048
15014
-59332
-14283
861
47643
-30110
-1674
29742
-63868
57836
-64403
921
16564
11747
2577
12834
-46474
-52753
-53956
4366
40026
-35233
-18150
6624
17439
64885
-33114
-36704
12203
-52394
24005
-50631
59078
5073
-55290
-46224
51353
31547
-18632
24763
-42003
51678
17838
42526
-15273
21850
38412
31928
40126
14330
-46175
-30459
53956
58329
29363
57068
45885
2546
-44356
-21476
-62468
24668
747
-9474
-14209
-27669
58367
-8841
7904
-36314
20829
34310
19157
-62495
-26022
33735
-14146
-34546
-28221
-3863
-9262
-50079
24356
-37556
8689
28207
54617
-11002
38897
18356
52288
-41230
11720
18558
-4264
-63435
-56412
23412
25375
-32534
27219
-43530
-54277
-37097
-18769
-24777
-354
57255
-30752
42599
27112
-8353
17675
-55886
-42487
35600
-11172
40770
-3230
4407
-3196
-12947
20453
43647
-1049
41859
-30049
48002
17960
59431
6336
30984
-326
-31129
4790
-12088
-4081
140
28502
40179
14706
-59018
-37785
8978
-26766
47638
62433
33761
-21683
-34010
43210
-47849
26055
-27797
-63387
-1587
46882
22092
-62593
60514
56785
21636
44495
28012
-28417
32746
55910
23648
-54538
8206
57315
-51312
4780
32705
-59004
31212
-13985
3873
-44
-34682
-61190
13229
18425
-33291
-22158
14505
37361
52496
-44652
-58077
-30402
-36160
-61531
51182
45037
40908
-56256
64203
-31965
-4428
16627
-22210
-34802
8992
-2459
17056
-817
4656
16801
44103
-35359
-51139
28357
-49360
62606
27270
16842
-49622
-44198
26584
-20311
64817
-3568
-15305
-19681
-18106
6530
9847
33484
23627
-13032
5081
-21386
4854
43766
-56382
51055
-6577
-37478
14060
-385
55247
19508
48872
-17989
31438
10408
-33424
31169
-30299
-47369
-43525
-51508
46026
45331
-45508
15436
-40965
31815
26578
18864
34511
-1084
61559
-17304
6515
63621
-13458
-39965
49529
28306
948
-27493
-62888
12562
33897
-8674
46175
37680
6289
17763
-19150
-42314
-65016
51190
-25762
-5213
9183
38713
-13402
62703
-38042
9068
13439
-25502
-9694
45359
-61339
-11151
33728
-22538
-18145
29412
50644
46990
27966
41356
-23160
-37619
-33253
-21075
45042
10541
63747
-24036
-29231
8443
5821
-43085
-52983
44625
-10048
2193
34777
28852
-53178
-30993
33025
13401
63928
59786
30536
24917
52049
-46025
-45247
15771
23125
51000
56544
52774
4657
-40708
-11554
20739
50997
-47696
47185
-47957
49202
-31721
29936
58303
17013
39273
-49658
-18407
-36593
18232
-10725
15475
-29022
56504
-61201
-19472
44483
31118
20057
28558
-24851
45805
-9324
9040
-45307
-35869
-16743
-58708
28326
46366
48860
-41349
-42689
22460
3735
-44694
-15988
-6457
20772
57134
-24408
20077
46784
-29907
-48271
-43722
-7531
-31628
20457
-5570
-10742
-38830
10244
23212
43566
-26496
36862
54855
-55880
10876
-45906
56823
-1028
-44837
21896
10999
-51540
22133
-36639
-26258
6383
20204
18061
36299
3720
-57602
-23127
56958
16278
7681
10916
11096
-15733
52255
23419
58290
-43105
-24119
-33382
36450
-25111
-47083
-845
5826
-36
-42547
9286
-12503
-65124
18883
60659
-22705
-52232
4902
-43962
-45002
-22985
60144
61813
31138
64402
57842
-31152
63510
22637
55974
-13221
41502
-4166
-18581
37154
-6130
-22406
35596
10388
56445
36021
7102
53051
38424
-33457
-56727
-31435
26432
-22689
-37536
-4359
30424
-39502
16298
55775
-64482
351
-12466
10848
-29854
-31937
43447
2306
-51540
-31067
-12602
-41982
-47627
55623
52107
-43830
1240
4764
37924
57195
-3927
-59634
58491
36171
16680
18377
-5900
-21016
-40908
38923
20223
-35904
56164
-35379
-18826
49958
33265
53980
52972
-26863
46229
-19962
26089
10592
26663
-4417
34999
-10599
47712
45895
-1283
49409
-5841
11020
23723
-34800
22798
8176
61575
-64940
60422
-39272
7206
27212
-7212
4219
-9707
34539
-62294
-35619
48866
18502
-4165
44454
34512
-23682
19583
-55574
3871
11161
48008
-18017
-15131
6585
-21065
-63400
-10881
33744
-13896
59967
-49184
-23732
41538
-65334
25107
-9741
-52973
-137
-10628
49573
-4037
-20412
-4809
-60315
-20635
760
33873
-2960
16912
-25060
8403
17025
-49813
61389
25320
28668
23965
26405
34478
-63376
-55248
21044
54673
-6716
45828
-43695
-10875
-15993
13399
61516
-52628
37181
-28833
1653
15129
-5617
59618
-10129
-4854
-62605
-61432
-25130
19610
9105
55487
11958
49769
41664
-21465
36565
-56213
9086
42163
57621
37235
-15337
4660
28390
-19939
42611
16204
-18515
-29286
9455
585
11928
25974
25229
-40703
12664
61145
39877
8490
-32466
64140
43764
41775
-19833
39497
-32132
-34328
50486
-62459
-57930
47916
62196
19462
2863
62649
49197
42139
36263
-59018
-49714
6687
43979
56984
-62960
-32423
-7061
61205
-16097
-60531
-27831
56611
-23046
-41929
1102
35451
23686
-21793
47314
-63403
-11667
17994
39572
59225
18675
-16894
-35847
30995
63595
55767
-44598
35689
-22636
10925
-8355
-58041
29469
-55461
-50203
-32780
5369
-29802
-48598
-33596
-22799
-33229
6859
-44684
55142
-13506
-21311
-21319
885
-42563
-64673
21907
2736
63806
43576
51593
61049
-30638
-35780
23361
35164
-37993
-1007
-22444
53891
16906
-42185
61362
42501
29905
-42399
55597
21521
14410
44275
-8740
-14077
-19065
-35972
-55615
-6821
54935
30143
21019
17448
51940
-32161
-10841
27536
-28436
-39002
3448
-52680
-4218
-20097
11813
56378
10229
-39931
23422
59587
30834
57177
15767
17184
38162
-22134
1207
-20052
-4347
-15101
-13933
33915
-50662
35941
-46765
-12383
30845
-51420
512
34899
-3021
28379
20890
44708
-55743
-6792
37002
60591
45540
36795
-672
-24054
41265
-64092
53713
9636
-2780
54577
-41674
-49385
61478
35031
63756
-51398
-30326
63193
54681
-20252
61273
-65345
-59587
50109
42409
6553
-25293
-53390
-10195
51597
-54750
-36786
53908
-63462
26582
1007
-45951
-11374
-9876
-9066
55976
-21110
64013
-41753
-47428
-21585
59890
-7111
65506
18099
-26088
-8502
46482
55316
10447
35081
59741
-39762
-35732
-41973
50137
-32239
-38801
4822
32966
-18859
13323
-23927
63834
38103
21449
57717
-31253
57153
33975
62503
36787
-31570
-2153
4165
19032
55965
-43795
-7396
63314
-18744
40772
3818
-53285
25991
56422
64703
53905
1696
20074
-63027
12915
25075
23780
-13230
-29837
-33550
33247
17038
-44257
39392
39244
26481
57958
-39338
5772
49783
-35933
-8105
-4100
7042
-45502
15892
-64856
3583
22030
-37995
11540
64309
-42449
-14534
61273
44752
-13859
-58876
43227
8635
-45232
-37245
-22314
-11228
-49359
-50670
-54727
34954
47611
25090
-35187
-24713
1625
-43803
51729
65084
-15635
14849
40801
-65393
8270
38506
45160
5989
-2746
15819
11789
795
-64781
-65514
-33744
40909
19994
-2241
48898
29133
-1531
-60990
-45236
-10397
-32114
63786
-26868
-48264
-43005
-33162
-65214
-31194
-29420
-38550
22811
-4749
20698
-47792
56406
-44792
11482
13880
-53407
27511
-50677
-47757
-11818
-13090
-49758
48134
55439
46039
-39082
15095
-16077
-41555
23573
2255
-39911
-42757
-7431
-380
37577
35271
55971
65058
26150
-7634
-32845
52469
-12773
12607
62816
-59258
-38654
12959
-55178
1630
-59716
37748
-34769
-46549
10591
1076
5912
59478
57059
-59066
52571
29183
37022
14181
-17275
40446
-63050
42582
-42559
-29258
-62569
-30111
-51649
-2176
-57337
53732
63454
22977
14295
56813
-56987
-40341
-6861
-5545
-24809
-50119
-6760
12103
53754
14267
1304
7570
-64817
-21516
-13237
15211
-38991
-58290
12971
19252
37525
49918
26793
36932
14692
58466
-22896
-56911
-2364
-15130
44017
50089
-39042
-34585
-45716
50940
48081
-26414
15080
11285
41559
-44978
-47070
-14729
37332
-57346
-29317
-13973
-10002
-10368
-4083
-31282
-13867
1123
10274
-60554
-57024
-34683
28594
52469
-32264
-28958
-45079
-25392
-3265
62270
-55752
-24587
-18338
-12950
-9833
-38007
-1278
-11764
-29196
-12303
-49440
-49563
-25385
48177
-47470
-42376
-52366
54931
-25255
-17701
36427
-52617
-53973
-62475
21646
18177
-57167
54394
64942
-19434
-50155
61895
20632
-46371
16338
-1871
38270
30216
52267
46952
-23444
11640
45070
-38919
-35626
-61246
59202
-6452
31920
-3814
3433
-3073
-17954
-32511
-1493
-11877
38805
65454
-64567
11242
-57822
-12663
22648
64624
27744
11153
19311
-11499
-22790
1255
1275
12883
46416
59992
351
51852
8643
-37742
39283
14247
1356
-15799
-25586
33844
33765
34957
13726
-11759
-30595
-10924
30510
-64281
-44012
11636
17862
-60743
-47963
-41516
4865
-28939
46851
-62767
21373
-13238
-39437
-8060
-49569
-20586
14305
-49333
18141
-25166
-47206
20547
19259
-60633
63803
-2657
-64419
43647
36841
-40407
-28518
-53572
5228
-45675
-46700
24778
-15751
-40160
-29456
-34148
-24692
-37900
-47030
-41759
-53903
-24087
-32830
11343
13270
3905
44410
8803
49588
-26649
15185
3090
-62940
47599
5456
-60698
45651
29721
36351
4965
-44817
22295
-47128
41860
-14799
43895
8452
-40743
-63381
89
-17258
-55629
39055
-2263
23163
21679
-5579
-51471
48534
-52602
58227
50684
-14552
24541
2955
-51432
-6484
47011
1161
58192
-40460
-36948
39630
12899
18816
-6538
-35362
45763
16043
20296
39028
15959
-51954
35321
48030
3106
27791
-19369
-43194
33314
10776
18564
-21077
12861
11196
49606
-65156
-14932
-47099
-23479
20520
5724
-56714
-62207
58167
-775
8806
64131
-53997
-35572
45767
-23341
-46157
-9775
-1842
-63991
13775
-10204
-54150
-21946
-21239
36001
-2423
45770
13827
10267
-47595
-15352
-4096
-25131
-42386
8788
-55354
37480
64873
-44591
-3786
-40922
-53233
-7326
-10911
2920
59245
-45724
-27673
-2607
-35341
22987
-32111
-39885
-42197
9035
35658
-60164
-49763
11320
7721
-18411
39354
-46837
-50261
17891
4549
58187
13970
-6560
42273
59108
11951
34296
39843
16764
25856
28135
-1774
-64955
-5574
-28975
39166
-63251
29446
33036
-31904
-39557
20608
-52727
32403
-62073
-11684
44258
-33673
38291
-54359
-58484
11545
54270
4715
7052
-11412
-21116
-9714
19487
52286
-13137
16665
34816
-40286
14906
-19979
-60105
22200
-35156
-39229
-17521
9913
-22081
-6800
31557
-1422
-60835
55779
51955
57918
6701
40816
49035
64523
6203
-10122
58863
-376
23336
12944
-41926
6128
-7057
49017
-44663
-59492
-55531
-40603
-17701
-51221
3844
-1338
-3763
-8589
-23651
33225
-46772
758
46845
-57018
-7556
57959
-31805
43231
50882
7974
-19883
752
43321
-22589
-55897
23519
-62796
51234
23031
8691
-37350
50974
-56776
9271
-18814
13024
-22666
51740
-42515
-38976
5709
-24567
9601
-10249
22224
55347
62549
4971
42883
-16216
-30210
-23219
35218
29091
-43253
-52528
-13185
-61375
54280
42258
-23519
-17071
-4133
1651
40223
15947
-36162
-32892
55013
-46115
-1728
14662
37813
49580
33914
57622
-13840
35772
-65242
-51674
-3763
61937
47418
-32857
52333
63433
26609
6192
-20954
-48753
-45693
-20208
49337
-18602
-60501
6562
65244
-35387
-45612
16014
47715
-44765
60378
19320
1578
7
-939
25847
-8329
-61459
-64060
55735
-19985
11232
-37974
-45158
60628
43940
-24631
-5259
-31262
27057
42513
-12660
-46769
-37719
-10234
-33061
65269
-46446
-47283
20085
-20723
34846
44857
10567
20071
62164
-54694
10729
30743
-61859
39570
57748
44081
-20369
42138
-27830
-38818
-8914
-38302
16977
-37421
-28753
52444
-50355
35192
-45732
44580
-52820
-59922
59891
43794
-41417
-18958
-47572
-52407
-15740
50450
27673
-31763
-3127
47117
-31938
38297
24870
-5986
-8494
-14460
25103
-6888
16309
-19645
54164
-49886
35467
-50504
-51980
-43306
-37268
8959
18600
-29395
-31809
45526
46801
44910
-5526
38795
-26252
44988
-32912
39977
-30943
17101
60119
32732
-1836
49234
46148
-58911
18369
-8484
-53526
29099
59779
-30430
-45401
39794
-56492
27513
27495
61426
1100
-23959
910
-45979
-36446
43707
-15079
27803
60668
15967
47153
12803
31842
28090
-48681
52932
-57392
-59011
23482
49762
-42550
12721
27791
54015
20007
-36591
3597
47765
8325
40532
-36190
10080
23730
29346
-54109
50180
10520
43085
12162
44412
14437
7949
8984
-51772
-52760
-44475
49392
-54639
-24722
-25984
-57007
65361
-65396
10980
43853
3555
15336
-49458
20710
29999
38032
-32056
11616
42202
47616
-37272
24013
-49056
-44546
-4032
28638
10683
-19390
-12117
38810
-62000
-62377
5998
62543
-11857
47458
-34106
15812
37254
33905
-45006
-33447
63360
-3480
3425
-8299
-56158
-7609
34643
-16044
-37703
-30462
-39977
42152
-20183
36945
30474
14096
36919
-20064
17107
4617
6945
-25560
-6231
14437
20943
-52045
-38042
27835
61257
-12509
-60772
-31035
14596
19255
-59424
-52042
-29237
-23510
-41322
-47332
12457
-28407
-15205
31342
-29135
62579
4116
55833
16793
-8982
-25020
49527
23981
11256
34137
44906
-31796
-93
41531
-64089
17609
29662
63869
-20061
41038
-30411
-17622
36044
51675
51846
39248
-878
-60851
-43174
-63148
-36203
-6052
12774
4692
-45787
20880
-2513
55586
-59478
3554
-24894
12675
46180
48524
45769
35806
-35335
21459
-21559
-58632
10183
-29589
-55187
45557
26539
19497
-39791
-8819
-59466
9122
26674
12448
61992
-6786
11731
29384
-880
-5711
-25083
-22170
-55069
41972
-49579
-62707
-31509
60108
-29887
64181
60278
-37666
35888
2306
-5588
27900
-436
-50374
-56506
-1458
12689
-37416
15317
-5505
48741
-43734
-44313
19057
60154
45716
30955
-45971
7368
-47375
-32401
23103
-41402
-23614
56941
-32603
-54699
-59432
21986
-27156
27475
-1591
-40917
-8982
38158
-50967
53322
-9428
-48589
-57647
-21612
-44333
-29158
2676
-54961
-30594
16993
-39566
22270
13022
43611
-14954
6072
-65245
44149
-46273
15161
-59863
46516
39339
-57263
47223
-22196
3107
-12763
-26430
21370
-4428
-1635
60915
34132
54844
-36025
-725
-6990
24702
58499
39942
21679
27274
-41966
26557
-61343
-6531
51982
30279
-8184
30891
-54038
9379
50873
-46045
-58332
57231
-36062
60494
-61828
28801
-24849
-63684
-22415
-35661
-33945
-4110
46974
33912
20487
-4029
-61806
60705
-31585
35394
-60792
-22077
26157
14307
-41406
5183
43349
-48862
-7372
-9281
42038
-58303
-40430
51933
-51145
43049
-46121
-7272
-18902
2748
13286
18136
-27891
-59459
-35385
11073
-44124
-23672
-63282
15772
-3163
37028
-4400
-36984
-46336
-16759
-9789
-38623
3252
13406
48715
21573
53473
58869
34570
39274
-62037
-7302
11597
37446
-62821
-63430
49406
-16439
-48656
-18903
-44903
43524
51097
35459
6930
-43709
64381
19141
53777
8049
15266
-27564
-55688
-55208
-46185
35468
-41221
55544
-6261
-60349
-49220
47279
-61404
-49387
-12205
59926
11050
44778
-41052
10064
-27822
13303
53863
-31845
-60522
63289
-29184
-56305
58869
-8076
45608
20892
-18305
-1678
-61096
-6449
-54653
-55967
-12299
-30351
-43797
60685
1046
-14438
51361
-54455
-40080
-32763
15521
-61475
-25603
-14923
8925
37048
-53736
4973
-23330
-64296
62209
-61087
29316
-49257
-30636
-53756
37516
-38889
45492
48655
22332
-18302
-23730
45742
-41844
-20434
-59782
58086
54131
-11263
-64053
6754
-40303
62462
46315
9612
32659
-63801
18740
-60338
-58181
28208
-1324
-47044
-54253
-47160
37891
-44162
-2483
18968
-42602
61744
34694
-58104
45559
-49523
-15544
37844
-26495
47021
-24226
-50707
48172
-65209
-33510
-5067
-49507
-2829
-42337
64416
46919
45113
-65094
-21109
-35369
-31824
61360
-13803
-396
19223
35888
29930
-1483
47103
43293
-53306
31306
1199
-47973
50410
60614
21580
-26822
-29034
-41314
-58992
-47167
31328
46033
15929
62858
47951
44551
37077
-35524
-16680
-6634
-4986
-13430
11549
40251
-47419
-33645
-14856
-2876
14302
49633
-21856
-62530
12344
-1232
58188
40430
-57611
40381
15347
-11645
-62563
-45334
39578
-24701
-40549
-39743
63124
59831
57442
10090
-10541
-52773
46042
7280
42566
-51780
-2096
6957
-45104
46753
3447
-36171
35343
-32345
-51014
-68
-63748
-36410
-37042
1101
10852
16894
-35161
-48089
42536
-39924
43508
-11504
27690
-55676
8370
15396
-63430
-3991
-24496
2134
3979
-46217
3832
-45435
19023
-54348
-56460
-61854
-30502
27382
52746
-22876
13401
-54754
-16212
16001
-51781
-39492
-56658
28328
50597
2959
-46699
21365
20866
-32173
48668
50353
-38202
-52620
21179
22028
-21873
-44871
15173
30711
-29480
40139
11549
37556
-2127
-17155
48718
56186
62920
25396
-48486
34230
-47101
-22748
12687
-44908
-39549
62043
27275
26962
60524
43656
44687
-9072
-13520
43248
-38329
-34247
-35278
62127
26944
3508
45040
-26472
-44795
-42993
17660
-3342
-33475
-36802
33121
-42863
-59022
30463
41305
-40371
-7841
7126
9684
52748
-8043
61082
8890
35258
-57200
27371
-51819
-8157
20632
16561
-3180
24824
47855
55115
-55135
23565
7542
-47202
-60864
-35241
-14857
-38272
-35155
42211
-62337
64514
10949
-63362
37217
5921
59671
-4990
48610
31573
19978
62325
48310
-64170
63190
22134
-42210
-46965
-20997
28571
-44396
41521
-46559
-23272
-55273
23066
14807
-27844
33469
4756
892
44782
-2547
36544
-26055
2454
31975
-59734
-21061
2547
-33538
29510
53113
-58803
33342
54005
-36863
-36689
-21771
-5263
3309
-64171
50318
-10462
28393
-23678
21508
-63362
11052
-62952
-29757
-57307
13459
22319
32736
-63980
-27926
-865
-3270
-50309
38649
5272
-25277
-32091
58170
-22836
-59910
43086
52348
-64915
-25923
-29906
-58984
23532
-65338
18723
51375
-54064
42552
-62046
-59357
-34386
4085
24365
-61729
20637
-5011
698
-60002
57374
-10052
10150
26875
-38328
15046
41618
-41603
-24361
13420
27332
-43372
36470
-19221
14674
17083
2730
24472
33586
25042
-18058
16271
-10845
-18892
39850
-25984
-12773
-2299
-7445
-56185
39057
23768
-50956
-6625
15825
-3949
-62544
-40591
63478
42936
-50336
-2910
6661
-7675
-47836
34370
35997
-45923
-45402
-47177
-14918
34420
23217
-40500
-15591
-52773
53085
-46992
261
47571
-7651
6272
-39881
5975
-5008
48195
20505
-25412
40905
61308
63863
40284
-49411
11881
-51699
-55214
-12329
63507
38980
-27979
-5763
27461
-12011
9532
-44127
-12388
-62240
7682
15153
-32235
63291
24584
29382
59349
-30887
36858
-11881
-16868
-37579
65435
-44515
11128
18989
-38402
60373
34791
18589
37077
-28725
-58754
-12349
13126
-606
22563
36196
12251
-10972
34711
-8576
30097
18968
41934
13309
-62446
-58039
-15788
-1788
38834
63057
-27008
-38483
-18056
-64717
25409
-45406
-55948
35401
54533
-43717
18791
-57729
-61816
-8172
55396
28881
40224
36447
-62750
-56656
13585
59800
53154
45584
-37952
39056
-47652
64823
-33422
-40912
-14005
61399
22518
-6972
-34698
-14629
-39323
-6404
60372
-63787
19264
-50606
2751
-24865
16395
46822
2552
-22274
39981
33528
2931
14541
29161
45618
37819
-56960
7928
50419
-8702
-13457
35084
42390
-63778
39218
-2172
62251
-58301
47395
63836
25468
5136
50417
39376
-44933
44096
-42555
58536
52111
-8430
-60261
-8248
59644
40117
13732
15138
-38578
-11694
-12484
-16979
64517
29608
-58067
35561
-10472
21692
-22774
-15921
-34413
-60846
11434
4546
-5928
-46252
12361
-18750
34962
-61768
-58502
-2355
-54917
63235
-44187
-16239
-7872
-4221
26514
1984
-56731
57783
4839
-7640
-60115
44509
47105
26288
13989
59284
-39016
61486
-59735
-6770
-54670
-46455
-61204
52940
29933
64364
-51438
-3125
-15066
-33015
24202
-37056
-23581
5171
-34924
-9384
40967
-56698
-22623
29408
15447
10768
32049
-12778
54727
45965
44128
-26126
-24404
45996
-16646
19490
33240
-33902
17787
60367
-63673
47778
60505
45098
-26404
17330
-25615
-6500
3587
61358
-44098
3696
-21163
-6182
22821
-61338
30268
23780
-42373
-20150
44489
-41003
-49780
164
60504
35505
13654
63484
8330
-38555
-54892
15786
-10317
-54571
-23277
60038
-62927
17761
17151
-16818
19191
29477
-1354
2368
-2034
-62018
26164
24334
-63931
7255
-40477
56109
-45882
-63040
61260
40139
5249
-18692
-26735
12330
16381
18634
3421
24268
34235
-37613
18965
-43961
39847
-54715
-56938
-33588
-37660
46803
35365
-29873
36581
-9809
-30267
-10280
-4886
15785
40168
17886
-15935
3293
-13180
-31208
30058
41830
3496
29720
-56915
46132
-60025
52527
166
43208
-41105
-11745
48474
-29262
-42947
-49326
17482
30601
22882
-22200
-2751
43538
38906
-35669
47306
-4988
-17829
-10775
-49763
-59748
55328
48257
-61393
19737
-35934
62001
-2303
37809
41322
-7744
48949
64713
16867
-53040
19559
6123
-59622
43441
-12378
59888
-32955
30513
57343
4930
10595
42452
22855
49350
48041
-5433
-39594
-30850
-57520
19623
14261
6476
19056
-39997
-62351
-16810
-2271
9053
-51309
2455
41791
28118
37385
31005
-15363
-60621
-15614
55267
-20161
9710
-15188
-41524
53604
39576
12949
-33908
61517
3794
-64950
-29405
-27399
-6918
13859
-26585
24947
5671
-36146
-1314
48148
9880
-51234
-3918
-48081
-36674
35703
7434
53521
6570
-19811
-36056
16505
1819
47211
4711
-51272
43186
26399
-14743
28318
51801
-49905
-64764
-20792
7066
16768
-39544
57979
-58703
25651
1036
-15396
-57349
-58219
51034
37592
-8976
-13991
58560
60378
-5170
-57645
58203
-24893
-17030
51615
-47927
-31507
-50026
-4332
-49100
-48418
31463
11651
-16488
-47503
14585
-30118
43593
56115
15567
-48033
47446
-61524
45915
31575
53264
19055
-8940
35941
35643
31311
-11772
61288
57617
-1119
25324
14952
-14862
37519
38959
-51616
50100
-3447
-1900
49137
-54862
53189
26895
-42912
-58983
60565
18179
-29665
58183
61470
57151
-50971
-62043
-48592
43821
-45868
10509
32543
-16257
10661
-11665
-52085
61462
-58181
35780
-4690
17454
-30483
-46308
-61197
19366
7405
-35840
25949
-8067
10692
-20834
64351
-1845
19513
43707
-33600
-45681
32753
22619
59592
57425
12857
19991
-24730
1155
60986
36121
-20509
-58335
27182
-3479
50182
-30891
10515
-65479
-18904
-27867
-14703
46188
-45956
-28125
-41562
44496
15568
15729
-53255
32723
-27933
45925
-63757
-34564
24974
-14946
-12972
48305
27686
45098
-60914
6401
-59375
-41062
-11240
34193
-43324
57002
-33831
-55033
50044
-37688
37112
-28250
-4920
3709
-65480
-47690
32403
48744
62005
65283
-57537
53652
12953
52377
-1306
-459
17600
47430
25367
45013
42451
-54942
-4172
-1656
-14046
-61078
20083
63326
28595
-56267
-15261
55377
-35537
6691
11986
2267
45858
-35896
-3076
-29260
57905
32351
1977
-10300
64761
-63458
3674
-51351
-39359
1195
52120
45821
37135
20775
-43738
4637
-10988
-36342
-3996
1125
51697
-18582
-61485
31764
19595
8154
15565
-37175
-59679
-37352
16243
-37688
62397
40573
57128
-11356
31883
-293
7587
-34263
6960
58698
35814
7201
26902
-41277
-39294
21768
-59843
-23648
51564
-3724
41908
-27268
64327
-42370
29789
-23406
14209
-7453
31177
14675
2767
6275
31225
-62055
5033
-44118
49428
44880
2254
13781
40422
47974
41976
61279
-24733
-36828
29371
20260
-22861
-5761
8301
-26502
32670
26257
-2252
-22604
-52674
-25361
-42006
22080
-42782
-34866
4824
53284
-6040
-9831
47888
44731
29286
46706
-61437
-23249
3418
-22012
-6142
23263
-8957
-34100
53193
54768
23778
21279
44996
-47843
25567
42816
-1369
15000
18599
11140
23584
12845
-44777
-28317
46843
58956
22951
28932
-31871
33337
59623
-3329
-46257
53597
-3255
-50482
52339
-9728
-46409
-24849
43509
-27448
-8917
8528
52916
806
21636
44876
14206
56090
-19202
40289
-51297
-8474
-11500
12090
-45627
62905
47310
-61018
1724
41397
-6771
55174
-21798
-15904
-51334
1422
-10464
-38296
-42317
-32216
-38304
44476
-59662
-11160
47959
62586
22281
-52725
14698
-1251
15156
59821
14858
-60144
-50320
-40464
-38633
-16504
-61917
-30869
47893
60370
-43150
38979
23377
-43702
-38503
-25879
-49516
-11817
-41386
-24749
-47350
48665
-44491
38672
48749
-51381
-49799
-50457
141
-45813
1934
-3765
40065
19534
-40726
24306
35027
-31689
-56354
56182
-55902
-26876
36692
-33532
-24888
63467
-54457
-64888
50920
58273
-43114
2913
-52303
-36099
-58065
63988
-31293
-59402
-25848
21456
-55480
-28485
-56412
-32111
-23259
-37641
-41739
30769
56551
-52581
13931
-50876
13674
6091
-30329
-12196
-24188
35395
38065
11291
2442
8726
-36671
-27105
14840
-10477
30433
-35453
8573
52760
63052
14329
16049
-57699
55507
60993
-22794
-55493
-41991
-56233
38133
24277
4132
65135
-6531
56738
-12436
-53019
49770
38515
-30017
-36849
-17202
-58112
58267
44696
-3080
-16116
17674
-20455
-19187
-54326
-41946
-8934
46165
62171
38449
-1254
-60647
43701
16187
-49610
36092
-23804
39806
14532
-47388
-12343
-47000
46962
-46121
-21784
-52856
54068
-25929
-38897
-55012
44755
-38606
37034
-46662
-17634
-15911
-16362
-39743
5507
-15199
-51909
9018
-10115
-30320
-31695
3657
-32737
-57594
52733
-32944
60443
40748
392
-53908
-42880
-51721
-47911
23699
40408
33489
-36853
-1388
-40705
44667
56837
-7942
19660
-51313
-24035
22928
-58527
-95
-10047
46969
64675
65245
13649
-1469
-58789
32015
-13178
24770
-4408
-15238
2350
39132
14905
23610
-9102
21921
-23922
-58623
8110
-46822
16276
-26037
-50598
9445
45159
-22079
-5003
-6485
21395
19911
-19877
-49926
8057
-58665
-17143
-5090
-38176
44532
31589
9689
12967
38914
-61421
50121
49961
-33453
39435
10536
13387
-15679
16399
-19961
-39590
-20550
7425
12173
-2524
-52018
56887
-32771
-1886
33855
49747
54197
35978
-51998
40787
-52494
58728
60818
51108
-1736
53319
41565
21667
56460
37783
41227
-39301
55887
9884
-19230
-56682
-61532
-42903
509
-7343
-25193
11020
33981
61160
49905
31518
-56138
19516
26748
6327
8895
3900
63663
-6351
-17231
48765
-52442
-22540
13324
8865
44151
27534
55082
27006
54655
12795
-23227
60161
28916
14663
-62610
22202
40435
-50205
27212
-20651
17905
-9148
66
63639
-58731
-62952
63535
26450
-15235
-2867
57031
-19930
5142
28041
-14262
-32526
-478
-50924
-48161
-22819
-4876
27312
43008
-32207
56316
-1251
62961
65007
51697
-27290
-28571
-18457
-61569
5777
41760
-52442
-45595
-60539
23662
10452
-63819
57815
793
-6335
-57953
-10360
-7535
-29520
27436
-46855
-47309
-13822
36063
49563
-23876
-848
-14855
26784
52702
42160
16653
-56608
-25648
-45079
29778
-63016
20612
-38115
5370
24553
-13554
-2565
1131
-61388
-54902
55349
45498
-53075
-37264
51775
17063
-48943
29405
32642
18412
60711
3573
44063
-65450
61314
4278
23724
22235
-17931
928
18018
2958
-36608
2527
16980
-63132
840
-9151
29756
3266
3265
13436
-430
26344
-29503
-14754
1695
-43418
10706
-59694
20808
-2266
54127
-22720
-59743
-10699
-52068
-55482
27015
35736
-34962
17775
44107
14646
49256
-39526
-50939
42471
-268
32786
57209
17107
-15407
47152
-25629
4222
-33479
9104
-41045
34105
-44782
-12022
-419
33401
-64271
25767
64178
-19266
1591
-29434
-36092
-15813
-13627
-39832
17664
-35425
-17778
48083
49345
-44972
6062
-53797
-32544
-6115
-16438
64912
18214
-59890
-47066
-32089
-30457
-30316
47960
32948
-14835
-32275
-13435
-63218
-13778
-23551
60646
-61332
-55044
23499
44859
-17136
-63500
56033
-37251
29761
-23963
35657
-54846
-19238
7192
42580
32805
-17419
30931
-61329
58503
8286
-46487
-16999
-50978
42618
60718
65040
10058
45041
31851
-16189
-61880
-26447
-1068
-9901
-62140
-11689
194
-18211
17426
-14606
-6105
-63369
-6294
-44162
3082
-1834
-40930
10635
16147
31419
-54071
49738
17515
-61429
42440
37889
40064
-62000
48088
40201
-41200
6756
-35743
61748
-51208
-38868
53929
53686
40502
-46484
-5945
15071
-27955
37502
20079
60283
61340
-46493
35397
-10220
27540
-2737
18143
-55067
11937
62903
-58565
-28801
-47193
48357
14534
-62719
-10002
-7088
-3520
30794
-31153
-28209
26114
-36371
21144
-54898
-20068
14548
-13460
51567
43920
47903
-46096
12647
-48198
43518
-45887
-17231
40306
-41803
-52215
45439
17631
9913
41385
26078
19106
11437
-14677
-20054
-26445
-8503
-4828
-62452
41616
-10163
-21706
19296
-61128
-14454
-53390
52413
46250
34403
-63322
52443
-19193
11766
-30667
24903
-20224
48603
-45897
21527
-32213
-36014
-60729
-8772
64564
64284
-55606
-11067
8556
3201
14121
-36024
22914
12163
61569
53484
-31973
-54779
-17972
-47018
-24703
-44698
-51496
18201
6931
34479
-46576
57022
55569
27834
52546
-37611
14519
12518
10833
-42024
-44176
-46101
35866
45885
8483
23465
6525
-7038
4730
9860
-58414
27368
8334
53076
13657
46385
10513
23040
46591
27053
-38840
23828
-61937
35403
37196
-50471
40285
4486
45187
35721
-53079
-54930
-14976
-37119
51807
-40439
6100
24805
-2613
-32949
25534
-30458
18609
-41918
18089
-43482
-38782
46849
44907
59380
13034
1073
17101
-16473
-62864
57712
-54559
12284
-39602
-881
-23062
46975
21441
-32186
32913
4465
11157
-13522
8128
49692
-44835
65113
-25410
21410
29366
-21546
10233
42549
35726
36196
-2815
57060
47484
47222
-10740
3102
58062
46980
603
8633
-15604
514
10386
-42078
39305
38175
-7064
-37321
-64716
-20419
54978
-47625
2422
27734
34232
-23254
-37904
64640
1050
-49565
-48769
-64612
-64390
4111
2298
54771
-21073
14836
16331
3487
14849
25687
966
25833
-30432
1666
43915
-58199
11595
11880
-52557
46516
8869
-1480
44171
-44046
-10999
-13032
58739
-37716
-36372
-30222
57619
8020
48552
5376
58585
2784
-63893
-46310
-17881
42575
26241
24679
-1569
-4766
-18413
33708
8541
61375
55876
-4983
53168
59386
18790
9677
13231
60933
50613
12356
-22115
-55310
-64508
-7267
9480
-35936
-27474
-25685
-32374
-25641
-7320
24752
-14972
-29121
25420
-51002
17428
-30445
2960
53517
-1557
26103
-2111
-1828
29790
-574
-50367
-24265
-6530
-14750
-17124
-57419
-47901
60921
-9938
33446
-9101
4183
50350
-21688
2029
-13137
38833
54282
37693
42423
-54624
-45801
-55380
47293
62418
-25025
-11387
37466
9541
-22181
-30318
46531
37666
65045
-53497
22301
41936
-157
-37227
-43115
30337
-19639
307
198
55940
-24835
51600
646
55684
12875
59294
10698
30321
-9372
1689
3236
-54613
-51748
-28393
-51689
-58115
4186
-38718
-15225
6864
22373
60386
55454
-29073
-3564
7023
-61225
32342
17856
34635
51837
54670
47912
30492
-13060
12699
-23392
-56353
-18491
4472
-62889
-30361
39936
13959
42424
-54610
-46156
-454
46265
-38338
23328
51888
47899
-43142
-42060
-24427
24245
44939
18293
-33063
37997
-32729
-14699
27221
37773
-12879
-28221
-57140
3705
37237
53032
-1856
35194
37472
-62585
61316
-22835
21454
-23154
9623
18914
32095
-35079
-9454
61039
64886
64676
-63737
-39921
62793
9953
-38657
-1027
-20471
53297
41569
53264
-23898
32970
754
-59429
65032
55213
-32970
-39440
34056
62346
8532
-2334
13750
51049
-38653
31346
-42340
-50150
-14358
37929
49310
-57675
28140
-23782
-21912
38090
-4237
-37452
34125
-25586
-27332
-26230
38829
55221
44284
55982
-54835
58116
20412
-40386
21025
13910
-20932
18598
51225
50413
-38
14668
59036
43808
-55069
-59028
14543
-2428
-65185
-23316
-40255
-49944
35226
29774
-46965
34385
16709
-29883
21925
-29841
-18567
52101
40105
-28885
40855
23082
-8794
-420
-47985
8386
-18587
56387
-28079
37917
-48931
37336
-61187
-8252
57632
-1233
7070
-44864
-62272
-57989
-24732
-9494
-52345
18366
-13005
56134
-9244
-29552
-1185
58544
62601
-19025
-63790
-16213
-16752
-10691
46782
-14748
-11103
-3447
30154
-12511
-51798
12808
50469
45575
-27187
-56222
-13131
-3797
43674
33752
-54858
34976
29038
-19626
37800
-1015
-24122
32046
-37386
-64266
17762
28890
-36840
63019
-18552
-64495
54545
48169
50658
59795
-9151
57350
47797
-22474
42144
34953
50102
-34693
45451
30084
-55094
5824
37333
-20931
-63068
-21569
33213
53534
-1594
-19570
-51727
-30289
-51205
3436
-45854
-17526
-7848
-8403
27643
-26054
54231
-2249
-45306
-48473
44621
48663
-34981
8927
4564
-44497
20894
46145
35316
-37766
46044
-54851
-37146
-27339
-51750
-1072
120
31264
23864
-1497
-29202
56910
29542
-17441
32159
46452
-26763
24481
26010
-55895
-16742
-52577
-30057
-6470
36643
-41866
39339
-12534
16553
48809
-38873
-33875
7373
-34457
-19458
56090
60703
-15644
763
16907
46680
-8731
-23233
-1892
1787
-46148
-6047
60826
37974
28563
-43676
48012
-62725
57594
45180
3879
20428
-16570
57840
-35103
-12700
3141
-34213
-63217
50685
-17027
25822
43317
60068
-2364
-1802
-10599
59968
-54204
62285
15682
-33809
33211
2745
-21937
24478
33545
-45945
43074
-462
-54835
35043
-34062
11256
16329
-28741
42024
22485
-62851
8946
26310
-49564
-6281
43231
-5814
43902
43462
16982
-55399
31305
9371
-50853
61920
58616
-49487
22930
57836
60501
12116
31449
-49738
-48638
6666
-12310
48564
44037
-48061
10862
-6792
52125
12150
-38173
-34095
-9034
15073
-63157
-9896
62850
61075
-29357
62596
-23588
50420
-16106
-3454
50739
18593
53543
-11248
7778
35437
-57408
38426
-6443
-56907
12064
-61468
-58636
30509
-8655
6329
-46243
-7067
-2350
32678
10804
-57683
57746
-23031
50911
-19246
49179
-6143
-7028
59087
-10239
30046
25054
60692
52471
-9410
36424
-57642
-62025
59909
-47029
20606
11275
4438
-26179
51292
23593
42931
-36056
-31766
-20377
-60739
-12449
8841
62081
55807
-43170
-43432
-56806
-38266
14493
-28467
24267
12048
-60479
-61093
64104
47509
13421
25142
3088
-18004
28122
-9449
16563
-38405
-37409
-24033
2380
12197
-21736
-52321
-36754
-12180
25327
-32693
61195
-25084
-2486
54415
60168
-52967
3832
-17210
-28847
14544
-57967
3354
-21893
53002
47204
-31113
49093
20850
42676
43028
-17438
58297
-28017
34343
-686
-10912
-41708
62659
63618
-57068
31383
-60511
32154
19814
-8627
26983
-32810
-51792
51
56960
63596
-52757
59741
-17829
-51811
29100
-336
19843
-29133
-19052
-48808
51664
57717
-59070
-43610
-25970
-2590
-6604
15917
15945
-33663
-42256
-58442
-23237
63739
22082
49221
-25964
33954
-25351
-59842
-38277
-52389
-829
-36733
-42546
-24431
-58834
-18724
-5575
4477
53049
-2191
-28060
-54467
-20798
-63525
31825
3357
49004
-42540
50805
-50600
52145
-33459
28096
37546
27949
-45281
50144
55510
-46010
50047
-48445
-25532
-11521
30788
-5802
-22730
-63226
16565
55352
-1424
-39240
-56693
9192
-20724
1607
-6623
53367
29615
-36933
-773
22843
35206
23453
-40756
-19852
33078
4523
-60244
47687
397
65067
17602
52914
26601
29076
22046
51941
-59646
-41644
42881
-25316
11576
64536
53864
-8744
6485
58404
36838
3924
-49627
-32663
-48580
-11754
-55395
-55583
-11099
-10536
32465
-60138
51230
37269
-41344
-26920
27692
25290
-34710
-50271
-49364
-56908
4536
-3872
-25039
-20947
60565
63882
-935
-10213
-2455
9010
-35375
-5476
-35546
42634
-57649
-61795
56756
-35094
-21833
3904
-12754
702
3922
40156
-17105
-12137
8910
-38303
9297
47390
44222
58889
34422
-59056
1252
20848
9877
-50409
28299
26252
-48418
64615
-28469
49377
-13583
40616
42931
21265
-39232
3807
-47488
25280
37738
-41205
62714
46082
41634
61383
800
17639
-24719
-21488
-27101
52994
-52827
-43484
23851
-62617
-19891
39783
37445
34211
18593
-29133
41919
-28091
44742
-20236
-2891
55654
32430
-12850
3169
-19962
-877
42948
-42747
7157
28581
-64751
-13268
-59228
40002
-34030
17378
-34102
52699
-30699
23464
39119
-23310
-4725
31410
10097
-5311
19851
-58006
59343
48247
32350
9603
29091
49010
-25968
-43601
59282
-7557
-17834
-3282
-57487
57307
63908
4039
24936
-46949
-4352
16620
-44168
-48987
37387
-41550
-14231
-27414
-8198
-38411
-51839
52464
56640
-29372
20283
-25671
-22723
-41024
25250
12
-47936
-46690
-45307
-26827
-42614
39144
40
35901
45445
40597
21479
60368
17266
-51509
35695
7299
-3701
-4778
-13166
-51051
44079
-2167
3744
25673
-10528
57003
26180
-28536
-9655
42674
-42921
-51375
63633
31665
33748
56505
-57587
-40689
58834
-40834
26452
55322
30313
-34919
33606
10832
-37320
-60697
-19641
-55749
-46439
33534
64833
25762
-14189
-35310
46940
-60160
-57539
-56474
31107
-60137
62072
-18490
-19638
16190
-65347
-41412
2416
2977
-16742
-39962
15711
-57599
38142
-49052
-42282
25537
38518
65213
59737
26944
4085
-34960
-60724
28647
30702
-53201
16060
6306
-50781
-27648
-23625
26279
55021
50994
31518
46715
-1290
-46317
10457
43292
-14800
26276
13383
22039
46139
-50231
7082
-58893
25811
-42242
47413
49952
53805
59907
23086
31127
55528
-53340
28462
-43967
-34971
-43206
-33781
35120
41786
13637
26678
-28296
2792
42308
-9121
16317
26100
7216
29273
-22184
-44513
12814
29108
-31885
28720
40439
46438
-12960
8684
47318
15565
-42986
-55900
12471
43173
61702
63705
-40373
-39323
-34441
20926
-42842
24350
15683
-15436
43197
11644
7280
23121
-48226
20
46764
-16359
58080
12116
-12923
29605
40004
-38798
-33826
-20654
-15017
-13194
-39885
12258
-65532
-41425
65160
-31798
-21954
42628
26972
64532
-63633
-51025
2229
23323
53936
-26392
48578
24922
14876
5371
-61528
-35636
-59134
28581
-24004
46286
-11146
-19677
26234
-63104
-56425
1334
44408
49072
53678
-21250
-6431
10368
-6324
-52922
33592
-9100
-21064
50068
16791
38561
-9729
-7643
30318
-21278
-7968
-34730
-34461
-62876
-63479
41585
-59039
23622
31728
9542
-21185
46833
54457
48985
-1457
10252
-37145
-43316
-55360
-11226
37440
35449
-17142
-21464
4560
25248
-31129
-20217
6408
-34852
-16626
40330
57176
194
3578
-28004
-53319
-13554
25283
-39582
-32381
52510
-38829
22194
-62986
30686
-9104
-6065
-49451
-31518
-43465
-365
-57367
6098
2494
44375
6580
11722
-47917
-25670
-49635
55085
50944
40334
63940
-19526
8531
-16582
-50406
-2124
1417
-16115
-39279
61472
-55129
38891
17040
31743
-11483
5630
-36015
-12669
-2490
-52542
-27525
-17318
-58987
-52801
48522
11476
-56972
811
-44462
57446
-25965
-27784
-3543
43174
-8327
25988
33929
7250
-60012
3307
-53004
35791
-22558
-33929
