-65532
-65521
-65514
-65500
-65480
-65479
-65455
-65450
-65442
-65433
-65402
-65396
-65393
-65382
-65367
-65364
-65347
-65345
-65339
-65338
-65334
-65320
-65302
-65245
-65242
-65214
-65209
-65185
-65156
-65145
-65124
-65094
-65067
-65062
-65061
-65016
-64955
-64950
-64948
-64940
-64927
-64924
-64915
-64888
-64858
-64856
-64851
-64850
-64836
-64817
-64781
-64777
-64764
-64755
-64751
-64717
-64716
-64692
-64673
-64612
-64611
-64602
-64578
-64567
-64550
-64532
-64531
-64508
-64495
-64482
-64464
-64429
-64423
-64419
-64403
-64398
-64393
-64390
-64390
-64296
-64281
-64271
-64266
-64253
-64210
-64193
-64178
-64171
-64170
-64151
-64121
-64092
-64089
-64060
-64053
-64020
-64014
-63995
-63991
-63980
-63976
-63971
-63953
-63931
-63925
-63893
-63868
-63864
-63829
-63819
-63815
-63801
-63795
-63790
-63787
-63786
-63778
-63757
-63752
-63748
-63748
-63737
-63711
-63684
-63677
-63673
-63671
-63665
-63651
-63636
-63633
-63630
-63604
-63602
-63601
-63601
-63584
-63550
-63537
-63525
-63523
-63506
-63500
-63496
-63493
-63479
-63462
-63461
-63458
-63445
-63435
-63430
-63430
-63414
-63403
-63400
-63394
-63390
-63387
-63381
-63376
-63369
-63362
-63362
-63322
-63282
-63261
-63251
-63226
-63218
-63217
-63186
-63157
-63152
-63148
-63132
-63104
-63075
-63068
-63055
-63050
-63043
-63040
-63027
-63016
-63009
-62986
-62960
-62952
-62952
-62940
-62938
-62930
-62927
-62889
-62888
-62884
-62876
-62872
-62864
-62859
-62851
-62840
-62835
-62834
-62833
-62821
-62796
-62789
-62777
-62767
-62750
-62728
-62727
-62725
-62719
-62715
-62707
-62704
-62672
-62653
-62617
-62610
-62605
-62593
-62585
-62574
-62569
-62563
-62544
-62530
-62522
-62495
-62482
-62475
-62468
-62459
-62453
-62452
-62446
-62419
-62377
-62351
-62337
-62309
-62303
-62294
-62293
-62286
-62272
-62247
-62240
-62230
-62218
-62207
-62178
-62157
-62156
-62140
-62138
-62073
-62055
-62046
-62043
-62037
-62025
-62022
-62018
-62007
-62000
-62000
-61985
-61983
-61980
-61976
-61945
-61939
-61937
-61936
-61917
-61880
-61877
-61859
-61854
-61828
-61816
-61806
-61795
-61786
-61777
-61768
-61767
-61738
-61731
-61729
-61718
-61716
-61699
-61681
-61681
-61680
-61671
-61658
-61650
-61606
-61569
-61532
-61531
-61528
-61524
-61495
-61485
-61483
-61475
-61468
-61459
-61437
-61432
-61432
-61429
-61429
-61421
-61404
-61393
-61388
-61375
-61365
-61352
-61343
-61339
-61338
-61332
-61331
-61329
-61295
-61291
-61246
-61225
-61216
-61204
-61201
-61197
-61190
-61187
-61183
-61128
-61126
-61096
-61094
-61093
-61087
-61078
-61076
-61047
-61034
-61018
-60990
-60976
-60964
-60942
-60923
-60914
-60888
-60886
-60882
-60864
-60851
-60849
-60846
-60839
-60835
-60820
-60810
-60797
-60792
-60778
-60772
-60767
-60763
-60743
-60742
-60739
-60729
-60728
-60724
-60719
-60713
-60698
-60697
-60673
-60647
-60633
-60621
-60607
-60607
-60567
-60554
-60547
-60539
-60531
-60522
-60511
-60501
-60479
-60474
-60470
-60469
-60451
-60446
-60426
-60424
-60363
-60349
-60338
-60315
-60303
-60302
-60287
-60266
-60261
-60255
-60244
-60235
-60227
-60164
-60160
-60144
-60138
-60137
-60115
-60105
-60081
-60053
-60025
-60012
-60009
-60002
-59935
-59925
-59922
-59910
-59907
-59890
-59887
-59880
-59863
-59860
-59843
-59842
-59840
-59829
-59792
-59782
-59778
-59769
-59748
-59745
-59743
-59735
-59734
-59716
-59694
-59681
-59680
-59679
-59662
-59646
-59634
-59622
-59587
-59577
-59568
-59555
-59539
-59492
-59478
-59466
-59465
-59459
-59449
-59448
-59432
-59431
-59429
-59424
-59417
-59416
-59414
-59404
-59402
-59392
-59375
-59368
-59357
-59332
-59327
-59258
-59228
-59223
-59187
-59134
-59118
-59113
-59089
-59070
-59066
-59056
-59039
-59036
-59032
-59028
-59027
-59024
-59022
-59018
-59018
-59016
-59011
-59004
-59003
-58997
-58992
-58987
-58984
-58983
-58981
-58911
-58893
-58891
-58886
-58876
-58850
-58834
-58803
-58791
-58789
-58759
-58754
-58746
-58731
-58709
-58708
-58703
-58701
-58683
-58665
-58657
-58656
-58643
-58636
-58632
-58623
-58622
-58621
-58565
-58561
-58527
-58503
-58502
-58484
-58449
-58445
-58442
-58414
-58382
-58351
-58335
-58332
-58332
-58322
-58303
-58301
-58297
-58293
-58290
-58282
-58280
-58274
-58225
-58219
-58199
-58181
-58181
-58167
-58156
-58144
-58140
-58115
-58112
-58104
-58098
-58081
-58077
-58067
-58065
-58042
-58041
-58039
-58014
-58006
-57993
-57990
-57989
-57967
-57958
-57953
-57942
-57931
-57930
-57922
-57865
-57853
-57850
-57822
-57798
-57747
-57729
-57712
-57699
-57693
-57691
-57683
-57675
-57666
-57649
-57647
-57645
-57644
-57642
-57611
-57605
-57602
-57601
-57599
-57594
-57593
-57587
-57571
-57566
-57539
-57537
-57527
-57520
-57519
-57487
-57480
-57447
-57419
-57408
-57403
-57399
-57392
-57367
-57349
-57346
-57337
-57313
-57307
-57299
-57293
-57288
-57283
-57282
-57270
-57263
-57261
-57253
-57200
-57189
-57186
-57167
-57149
-57140
-57100
-57087
-57086
-57068
-57024
-57018
-57007
-56987
-56980
-56972
-56969
-56960
-56938
-56915
-56911
-56908
-56907
-56898
-56895
-56806
-56776
-56757
-56755
-56731
-56727
-56714
-56698
-56693
-56689
-56682
-56658
-56656
-56645
-56635
-56608
-56595
-56591
-56584
-56563
-56552
-56533
-56506
-56493
-56492
-56474
-56460
-56446
-56425
-56414
-56412
-56412
-56390
-56389
-56386
-56382
-56360
-56354
-56353
-56351
-56348
-56337
-56305
-56297
-56280
-56269
-56267
-56267
-56256
-56236
-56233
-56222
-56213
-56185
-56158
-56158
-56158
-56138
-56131
-56083
-56074
-56059
-55989
-55973
-55967
-55948
-55933
-55902
-55900
-55897
-55895
-55895
-55888
-55886
-55880
-55752
-55749
-55743
-55736
-55730
-55712
-55703
-55693
-55688
-55687
-55684
-55680
-55676
-55659
-55629
-55615
-55606
-55583
-55574
-55569
-55563
-55554
-55545
-55531
-55493
-55482
-55480
-55461
-55399
-55396
-55395
-55380
-55375
-55360
-55354
-55324
-55321
-55311
-55310
-55290
-55275
-55273
-55248
-55247
-55231
-55226
-55215
-55214
-55208
-55187
-55178
-55135
-55134
-55129
-55094
-55069
-55069
-55067
-55044
-55033
-55012
-55004
-54986
-54974
-54972
-54961
-54942
-54930
-54917
-54902
-54898
-54892
-54886
-54862
-54858
-54851
-54846
-54835
-54835
-54818
-54817
-54796
-54779
-54754
-54750
-54738
-54727
-54715
-54699
-54694
-54679
-54670
-54657
-54653
-54639
-54624
-54613
-54610
-54597
-54571
-54559
-54538
-54517
-54508
-54481
-54467
-54461
-54457
-54455
-54455
-54432
-54401
-54387
-54379
-54359
-54352
-54348
-54346
-54332
-54326
-54320
-54277
-54253
-54229
-54227
-54225
-54214
-54206
-54204
-54150
-54140
-54109
-54097
-54084
-54071
-54064
-54056
-54038
-54034
-54017
-54015
-53997
-53973
-53956
-53912
-53910
-53908
-53903
-53903
-53854
-53797
-53778
-53771
-53766
-53756
-53751
-53736
-53687
-53572
-53551
-53526
-53519
-53514
-53497
-53462
-53407
-53390
-53390
-53342
-53340
-53319
-53306
-53289
-53285
-53277
-53255
-53245
-53233
-53201
-53192
-53178
-53174
-53113
-53107
-53090
-53079
-53075
-53050
-53040
-53019
-53017
-53004
-52998
-52983
-52979
-52973
-52967
-52940
-52922
-52889
-52867
-52856
-52827
-52820
-52811
-52801
-52787
-52773
-52773
-52768
-52760
-52757
-52753
-52727
-52725
-52718
-52708
-52680
-52674
-52668
-52628
-52620
-52618
-52617
-52602
-52581
-52577
-52571
-52559
-52557
-52552
-52542
-52532
-52528
-52503
-52494
-52473
-52445
-52442
-52442
-52407
-52394
-52389
-52366
-52345
-52321
-52311
-52303
-52246
-52232
-52232
-52215
-52210
-52208
-52178
-52132
-52085
-52068
-52045
-52042
-52030
-52018
-52003
-51998
-51980
-51954
-51936
-51909
-51882
-51880
-51864
-51861
-51840
-51839
-51819
-51813
-51811
-51798
-51797
-51792
-51781
-51780
-51773
-51772
-51750
-51750
-51748
-51738
-51727
-51721
-51719
-51699
-51699
-51689
-51688
-51674
-51656
-51649
-51616
-51597
-51595
-51558
-51556
-51540
-51540
-51509
-51508
-51506
-51496
-51480
-51471
-51438
-51438
-51432
-51420
-51398
-51381
-51375
-51351
-51349
-51334
-51313
-51312
-51309
-51308
-51298
-51297
-51272
-51238
-51234
-51221
-51211
-51208
-51205
-51203
-51194
-51146
-51145
-51139
-51112
-51101
-51051
-51032
-51028
-51025
-51014
-51002
-50991
-50989
-50988
-50981
-50978
-50971
-50967
-50956
-50939
-50926
-50925
-50924
-50913
-50902
-50883
-50876
-50853
-50840
-50828
-50826
-50807
-50781
-50781
-50777
-50767
-50749
-50707
-50682
-50680
-50677
-50670
-50662
-50649
-50631
-50606
-50600
-50598
-50575
-50539
-50537
-50513
-50506
-50504
-50501
-50500
-50497
-50485
-50482
-50481
-50477
-50471
-50457
-50409
-50406
-50374
-50367
-50365
-50355
-50343
-50338
-50336
-50329
-50320
-50309
-50273
-50271
-50261
-50255
-50231
-50217
-50205
-50203
-50176
-50158
-50155
-50150
-50139
-50125
-50119
-50081
-50079
-50050
-50036
-50035
-50026
-50007
-50004
-50001
-49944
-49938
-49926
-49905
-49886
-49877
-49870
-49845
-49843
-49837
-49830
-49813
-49799
-49780
-49763
-49763
-49758
-49751
-49738
-49714
-49662
-49658
-49646
-49635
-49630
-49627
-49622
-49610
-49603
-49602
-49579
-49569
-49565
-49564
-49563
-49530
-49523
-49516
-49507
-49487
-49470
-49458
-49451
-49440
-49411
-49387
-49385
-49364
-49360
-49359
-49356
-49333
-49331
-49326
-49308
-49257
-49231
-49221
-49220
-49184
-49138
-49136
-49100
-49065
-49056
-49052
-49010
-49005
-48994
-48987
-48943
-48931
-48865
-48862
-48808
-48769
-48753
-48743
-48708
-48684
-48681
-48663
-48656
-48643
-48638
-48626
-48616
-48598
-48592
-48589
-48580
-48551
-48518
-48486
-48473
-48459
-48445
-48435
-48418
-48418
-48416
-48413
-48404
-48380
-48345
-48326
-48302
-48287
-48271
-48266
-48264
-48261
-48259
-48235
-48226
-48198
-48161
-48089
-48081
-48061
-48054
-48042
-48033
-48028
-48021
-48009
-48000
-47985
-47973
-47963
-47957
-47953
-47936
-47927
-47920
-47917
-47911
-47901
-47849
-47843
-47836
-47792
-47774
-47757
-47752
-47712
-47703
-47696
-47692
-47690
-47675
-47652
-47645
-47627
-47625
-47621
-47595
-47591
-47572
-47537
-47503
-47488
-47485
-47470
-47459
-47456
-47428
-47419
-47400
-47399
-47393
-47388
-47375
-47369
-47350
-47350
-47332
-47314
-47309
-47283
-47247
-47206
-47202
-47193
-47177
-47167
-47160
-47155
-47150
-47149
-47128
-47101
-47099
-47083
-47070
-47066
-47060
-47047
-47044
-47037
-47030
-47029
-47029
-47018
-47000
-46992
-46965
-46965
-46949
-46931
-46857
-46855
-46837
-46822
-46811
-46772
-46769
-46765
-46753
-46744
-46704
-46703
-46700
-46699
-46690
-46680
-46662
-46661
-46646
-46619
-46581
-46576
-46576
-46564
-46559
-46549
-46493
-46487
-46484
-46474
-46455
-46446
-46441
-46439
-46414
-46409
-46384
-46383
-46381
-46371
-46336
-46317
-46310
-46310
-46308
-46273
-46257
-46252
-46243
-46240
-46224
-46217
-46185
-46175
-46157
-46156
-46148
-46139
-46121
-46121
-46115
-46101
-46096
-46051
-46045
-46026
-46025
-46010
-45986
-45979
-45971
-45956
-45951
-45945
-45937
-45923
-45906
-45897
-45892
-45887
-45887
-45882
-45868
-45868
-45854
-45836
-45813
-45801
-45787
-45757
-45755
-45732
-45724
-45716
-45696
-45694
-45693
-45681
-45675
-45627
-45612
-45595
-45594
-45571
-45508
-45502
-45435
-45406
-45403
-45402
-45401
-45398
-45392
-45380
-45334
-45316
-45307
-45307
-45306
-45281
-45247
-45236
-45232
-45158
-45138
-45113
-45104
-45079
-45079
-45023
-45006
-45002
-45002
-44978
-44972
-44964
-44954
-44942
-44933
-44908
-44903
-44879
-44871
-44867
-44864
-44850
-44849
-44837
-44835
-44829
-44817
-44801
-44798
-44795
-44792
-44782
-44777
-44765
-44759
-44744
-44737
-44698
-44694
-44684
-44676
-44663
-44662
-44652
-44652
-44598
-44596
-44591
-44561
-44559
-44551
-44548
-44546
-44523
-44519
-44516
-44515
-44513
-44510
-44497
-44491
-44475
-44462
-44452
-44430
-44425
-44396
-44379
-44356
-44333
-44313
-44310
-44307
-44257
-44238
-44237
-44225
-44198
-44187
-44176
-44168
-44162
-44162
-44127
-44124
-44118
-44098
-44053
-44047
-44046
-44044
-44041
-44012
-43967
-43962
-43961
-43958
-43944
-43933
-43899
-43879
-43830
-43803
-43797
-43795
-43780
-43762
-43738
-43734
-43722
-43717
-43712
-43709
-43702
-43695
-43676
-43664
-43610
-43601
-43586
-43530
-43530
-43525
-43523
-43516
-43484
-43482
-43473
-43465
-43436
-43432
-43418
-43372
-43359
-43358
-43335
-43331
-43324
-43322
-43320
-43316
-43306
-43287
-43269
-43266
-43263
-43253
-43243
-43236
-43233
-43206
-43194
-43174
-43170
-43154
-43151
-43150
-43143
-43142
-43115
-43114
-43105
-43099
-43085
-43085
-43041
-43021
-43005
-42993
-42986
-42947
-42946
-42921
-42912
-42907
-42904
-42903
-42880
-42863
-42860
-42842
-42828
-42805
-42801
-42791
-42786
-42782
-42757
-42747
-42711
-42696
-42689
-42682
-42652
-42649
-42625
-42614
-42602
-42597
-42582
-42572
-42572
-42563
-42559
-42555
-42550
-42547
-42546
-42544
-42540
-42515
-42487
-42466
-42449
-42399
-42395
-42386
-42385
-42376
-42373
-42370
-42365
-42353
-42351
-42340
-42337
-42322
-42317
-42314
-42314
-42283
-42282
-42278
-42256
-42242
-42229
-42214
-42210
-42197
-42185
-42159
-42156
-42151
-42141
-42135
-42078
-42060
-42052
-42045
-42028
-42025
-42024
-42006
-42003
-41991
-41982
-41973
-41966
-41952
-41947
-41946
-41946
-41929
-41926
-41920
-41918
-41890
-41887
-41866
-41856
-41844
-41841
-41837
-41820
-41803
-41796
-41776
-41762
-41759
-41753
-41739
-41739
-41717
-41708
-41674
-41668
-41665
-41655
-41653
-41648
-41644
-41640
-41625
-41624
-41603
-41586
-41585
-41562
-41555
-41550
-41524
-41516
-41482
-41425
-41420
-41417
-41412
-41406
-41402
-41386
-41370
-41349
-41344
-41322
-41314
-41282
-41281
-41277
-41268
-41265
-41264
-41261
-41246
-41241
-41233
-41230
-41227
-41221
-41205
-41200
-41189
-41162
-41105
-41099
-41062
-41060
-41060
-41052
-41045
-41027
-41024
-41022
-41022
-41003
-40983
-40965
-40937
-40930
-40922
-40917
-40912
-40908
-40904
-40834
-40797
-40765
-40756
-40754
-40752
-40746
-40743
-40726
-40708
-40705
-40703
-40702
-40689
-40685
-40682
-40651
-40642
-40637
-40620
-40603
-40591
-40559
-40549
-40515
-40500
-40478
-40477
-40464
-40460
-40460
-40459
-40446
-40439
-40438
-40434
-40430
-40407
-40391
-40386
-40381
-40373
-40371
-40342
-40341
-40303
-40287
-40286
-40269
-40261
-40255
-40229
-40201
-40184
-40160
-40145
-40104
-40102
-40080
-40078
-40074
-39997
-39993
-39977
-39965
-39962
-39957
-39931
-39924
-39921
-39911
-39885
-39885
-39885
-39881
-39851
-39832
-39815
-39795
-39794
-39791
-39791
-39784
-39781
-39775
-39772
-39770
-39762
-39755
-39748
-39743
-39743
-39641
-39622
-39621
-39616
-39605
-39602
-39594
-39590
-39582
-39566
-39559
-39557
-39552
-39549
-39544
-39526
-39502
-39492
-39442
-39440
-39437
-39402
-39359
-39338
-39323
-39323
-39301
-39294
-39279
-39272
-39257
-39248
-39247
-39240
-39238
-39232
-39229
-39200
-39182
-39155
-39110
-39082
-39049
-39042
-39016
-39002
-38991
-38976
-38921
-38919
-38899
-38897
-38889
-38873
-38868
-38851
-38841
-38840
-38830
-38829
-38818
-38809
-38801
-38798
-38796
-38792
-38782
-38740
-38718
-38709
-38679
-38665
-38657
-38654
-38653
-38633
-38623
-38606
-38578
-38576
-38565
-38555
-38550
-38503
-38483
-38411
-38410
-38405
-38402
-38377
-38338
-38334
-38329
-38328
-38306
-38304
-38303
-38302
-38296
-38282
-38277
-38272
-38266
-38244
-38208
-38202
-38176
-38173
-38152
-38144
-38139
-38134
-38115
-38092
-38042
-38042
-38033
-38022
-38009
-38007
-38002
-37995
-37993
-37974
-37952
-37904
-37900
-37899
-37856
-37850
-37823
-37804
-37803
-37789
-37785
-37771
-37767
-37766
-37746
-37742
-37736
-37719
-37716
-37703
-37688
-37688
-37668
-37666
-37660
-37641
-37637
-37619
-37613
-37611
-37579
-37556
-37541
-37536
-37508
-37480
-37478
-37452
-37421
-37420
-37416
-37409
-37405
-37392
-37386
-37352
-37350
-37350
-37321
-37320
-37309
-37304
-37284
-37272
-37268
-37264
-37263
-37258
-37251
-37245
-37233
-37227
-37226
-37223
-37213
-37175
-37146
-37145
-37129
-37119
-37098
-37097
-37077
-37056
-37047
-37042
-37026
-36984
-36975
-36948
-36933
-36922
-36904
-36882
-36863
-36853
-36849
-36847
-36840
-36828
-36802
-36801
-36786
-36758
-36754
-36750
-36733
-36704
-36689
-36674
-36672
-36671
-36662
-36640
-36639
-36624
-36608
-36593
-36591
-36573
-36562
-36539
-36459
-36448
-36446
-36437
-36435
-36417
-36410
-36396
-36372
-36371
-36360
-36342
-36314
-36285
-36282
-36203
-36190
-36171
-36162
-36160
-36148
-36146
-36146
-36142
-36124
-36109
-36099
-36092
-36090
-36087
-36082
-36078
-36069
-36062
-36056
-36056
-36040
-36040
-36034
-36025
-36024
-36019
-36018
-36015
-36014
-35972
-35955
-35951
-35948
-35936
-35934
-35933
-35933
-35931
-35904
-35896
-35869
-35869
-35847
-35840
-35831
-35806
-35780
-35771
-35752
-35743
-35742
-35732
-35729
-35669
-35664
-35661
-35640
-35636
-35626
-35624
-35619
-35572
-35546
-35537
-35524
-35453
-35425
-35416
-35403
-35387
-35385
-35379
-35375
-35369
-35362
-35359
-35342
-35341
-35335
-35327
-35318
-35310
-35278
-35274
-35252
-35249
-35241
-35233
-35187
-35161
-35156
-35155
-35103
-35094
-35079
-35015
-34991
-34981
-34971
-34962
-34960
-34950
-34924
-34919
-34884
-34866
-34852
-34841
-34837
-34822
-34802
-34800
-34769
-34768
-34730
-34712
-34710
-34703
-34698
-34693
-34683
-34682
-34670
-34656
-34615
-34585
-34565
-34564
-34546
-34530
-34490
-34461
-34457
-34441
-34434
-34426
-34423
-34413
-34401
-34401
-34398
-34386
-34328
-34300
-34294
-34263
-34247
-34213
-34202
-34199
-34148
-34135
-34129
-34118
-34117
-34106
-34102
-34100
-34095
-34089
-34084
-34062
-34053
-34030
-34010
-34001
-33994
-33945
-33929
-33908
-33902
-33895
-33894
-33881
-33875
-33867
-33851
-33831
-33826
-33809
-33781
-33761
-33759
-33744
-33726
-33721
-33682
-33674
-33673
-33663
-33645
-33600
-33596
-33588
-33550
-33538
-33532
-33518
-33510
-33507
-33479
-33475
-33461
-33459
-33457
-33453
-33447
-33424
-33422
-33406
-33382
-33350
-33343
-33320
-33320
-33295
-33291
-33253
-33251
-33229
-33228
-33214
-33214
-33178
-33162
-33161
-33114
-33063
-33061
-33022
-33015
-33004
-33002
-32999
-32987
-32975
-32970
-32955
-32949
-32944
-32923
-32912
-32894
-32892
-32889
-32886
-32874
-32857
-32854
-32845
-32830
-32810
-32790
-32786
-32781
-32780
-32780
-32771
-32768
-32763
-32752
-32737
-32729
-32717
-32714
-32712
-32693
-32669
-32663
-32651
-32603
-32589
-32579
-32572
-32568
-32544
-32537
-32534
-32526
-32517
-32511
-32502
-32498
-32496
-32492
-32477
-32466
-32437
-32423
-32420
-32403
-32401
-32381
-32374
-32352
-32345
-32331
-32325
-32316
-32298
-32289
-32278
-32275
-32264
-32248
-32239
-32235
-32216
-32213
-32207
-32186
-32182
-32176
-32173
-32161
-32141
-32138
-32132
-32130
-32114
-32111
-32111
-32096
-32091
-32089
-32056
-31973
-31965
-31942
-31938
-31937
-31936
-31904
-31902
-31899
-31885
-31871
-31845
-31833
-31824
-31813
-31811
-31809
-31805
-31798
-31796
-31777
-31766
-31763
-31743
-31721
-31705
-31695
-31689
-31645
-31638
-31631
-31628
-31610
-31599
-31587
-31585
-31585
-31570
-31566
-31547
-31540
-31538
-31518
-31513
-31509
-31507
-31503
-31481
-31463
-31449
-31435
-31435
-31420
-31407
-31403
-31397
-31370
-31335
-31293
-31282
-31262
-31253
-31208
-31206
-31204
-31194
-31153
-31152
-31129
-31129
-31113
-31095
-31092
-31067
-31051
-31037
-31035
-31011
-30993
-30980
-30962
-30952
-30943
-30915
-30905
-30897
-30891
-30887
-30869
-30866
-30850
-30819
-30793
-30752
-30732
-30700
-30699
-30667
-30662
-30649
-30638
-30636
-30595
-30594
-30586
-30543
-30513
-30502
-30484
-30483
-30480
-30462
-30459
-30458
-30458
-30457
-30445
-30445
-30445
-30432
-30430
-30422
-30411
-30407
-30402
-30400
-30361
-30351
-30329
-30327
-30326
-30320
-30318
-30316
-30315
-30299
-30289
-30267
-30240
-30222
-30210
-30204
-30165
-30153
-30147
-30118
-30111
-30110
-30101
-30096
-30095
-30074
-30057
-30052
-30052
-30049
-30039
-30034
-30017
-30014
-30005
-29960
-29923
-29907
-29906
-29894
-29887
-29883
-29873
-29868
-29858
-29854
-29841
-29840
-29837
-29830
-29802
-29793
-29789
-29788
-29757
-29748
-29716
-29703
-29665
-29640
-29624
-29589
-29552
-29536
-29520
-29518
-29517
-29509
-29503
-29501
-29497
-29480
-29467
-29456
-29456
-29434
-29433
-29420
-29410
-29409
-29405
-29399
-29395
-29372
-29357
-29355
-29322
-29317
-29286
-29283
-29262
-29260
-29258
-29258
-29237
-29231
-29202
-29202
-29196
-29184
-29184
-29158
-29150
-29135
-29133
-29133
-29121
-29105
-29073
-29034
-29022
-28997
-28985
-28975
-28958
-28939
-28930
-28885
-28847
-28833
-28802
-28801
-28761
-28753
-28741
-28725
-28722
-28700
-28693
-28634
-28589
-28571
-28568
-28559
-28540
-28536
-28532
-28518
-28518
-28485
-28469
-28467
-28466
-28436
-28420
-28417
-28407
-28393
-28382
-28370
-28340
-28335
-28317
-28307
-28296
-28250
-28221
-28221
-28217
-28209
-28196
-28173
-28171
-28138
-28125
-28116
-28091
-28091
-28079
-28060
-28057
-28040
-28022
-28017
-28017
-28004
-28000
-27997
-27979
-27958
-27955
-27933
-27926
-27917
-27892
-27891
-27867
-27846
-27844
-27831
-27830
-27822
-27797
-27784
-27772
-27757
-27692
-27681
-27673
-27669
-27648
-27621
-27578
-27564
-27528
-27528
-27525
-27519
-27493
-27474
-27459
-27448
-27443
-27436
-27414
-27404
-27399
-27392
-27357
-27340
-27339
-27332
-27312
-27290
-27268
-27267
-27253
-27247
-27199
-27197
-27187
-27156
-27149
-27105
-27101
-27089
-27008
-27003
-26986
-26970
-26920
-26910
-26907
-26905
-26876
-26868
-26863
-26855
-26837
-26827
-26822
-26766
-26766
-26763
-26745
-26735
-26702
-26701
-26675
-26665
-26649
-26635
-26633
-26607
-26605
-26591
-26585
-26565
-26561
-26554
-26527
-26505
-26502
-26496
-26495
-26492
-26473
-26472
-26451
-26447
-26445
-26431
-26430
-26427
-26414
-26404
-26403
-26397
-26396
-26392
-26366
-26341
-26331
-26258
-26252
-26237
-26230
-26226
-26220
-26179
-26178
-26148
-26146
-26145
-26126
-26109
-26099
-26088
-26078
-26055
-26054
-26037
-26022
-25992
-25984
-25984
-25970
-25968
-25965
-25964
-25961
-25948
-25930
-25929
-25928
-25925
-25923
-25906
-25879
-25869
-25848
-25775
-25762
-25685
-25671
-25670
-25648
-25641
-25640
-25635
-25629
-25615
-25603
-25586
-25586
-25560
-25532
-25502
-25453
-25423
-25412
-25411
-25410
-25392
-25390
-25385
-25369
-25366
-25362
-25361
-25360
-25356
-25353
-25351
-25347
-25316
-25293
-25293
-25285
-25277
-25273
-25267
-25258
-25255
-25240
-25199
-25193
-25187
-25172
-25166
-25159
-25158
-25131
-25130
-25126
-25122
-25112
-25111
-25107
-25098
-25084
-25083
-25060
-25039
-25025
-25025
-25020
-24899
-24894
-24893
-24889
-24888
-24865
-24851
-24849
-24849
-24849
-24835
-24809
-24777
-24756
-24749
-24737
-24733
-24732
-24730
-24722
-24719
-24714
-24713
-24703
-24701
-24692
-24631
-24587
-24567
-24496
-24450
-24431
-24427
-24408
-24404
-24388
-24361
-24336
-24317
-24265
-24226
-24217
-24188
-24181
-24167
-24131
-24122
-24119
-24087
-24087
-24074
-24054
-24053
-24041
-24036
-24035
-24033
-24023
-24004
-23963
-23963
-23961
-23959
-23927
-23922
-23898
-23887
-23876
-23840
-23835
-23813
-23804
-23800
-23782
-23777
-23756
-23753
-23748
-23736
-23732
-23730
-23682
-23678
-23672
-23663
-23651
-23648
-23631
-23625
-23615
-23614
-23599
-23588
-23581
-23579
-23551
-23519
-23510
-23479
-23459
-23456
-23444
-23406
-23400
-23392
-23379
-23341
-23330
-23328
-23316
-23310
-23305
-23278
-23277
-23272
-23259
-23254
-23249
-23237
-23233
-23227
-23219
-23160
-23154
-23148
-23143
-23135
-23127
-23106
-23098
-23092
-23088
-23062
-23046
-23033
-23031
-23023
-22985
-22896
-22889
-22878
-22876
-22861
-22839
-22836
-22835
-22819
-22814
-22799
-22794
-22790
-22774
-22753
-22748
-22730
-22723
-22720
-22715
-22705
-22689
-22674
-22666
-22663
-22660
-22646
-22644
-22636
-22623
-22616
-22604
-22589
-22558
-22540
-22538
-22533
-22502
-22491
-22481
-22478
-22474
-22459
-22444
-22444
-22415
-22414
-22406
-22393
-22374
-22351
-22314
-22296
-22295
-22274
-22268
-22254
-22241
-22241
-22210
-22200
-22196
-22184
-22181
-22180
-22170
-22160
-22159
-22158
-22148
-22134
-22115
-22100
-22081
-22079
-22077
-22063
-22035
-22012
-21954
-21946
-21937
-21934
-21931
-21912
-21902
-21893
-21873
-21856
-21833
-21798
-21793
-21784
-21771
-21764
-21736
-21728
-21706
-21688
-21683
-21674
-21612
-21585
-21569
-21559
-21546
-21516
-21503
-21488
-21481
-21476
-21471
-21465
-21464
-21453
-21452
-21386
-21319
-21311
-21298
-21278
-21267
-21253
-21250
-21239
-21193
-21185
-21163
-21160
-21147
-21134
-21116
-21110
-21109
-21108
-21081
-21077
-21075
-21073
-21065
-21064
-21061
-21053
-21042
-21021
-21016
-20997
-20977
-20959
-20954
-20950
-20947
-20932
-20931
-20914
-20906
-20897
-20896
-20895
-20864
-20834
-20798
-20792
-20768
-20724
-20723
-20723
-20722
-20694
-20667
-20654
-20651
-20646
-20644
-20636
-20635
-20605
-20593
-20590
-20586
-20582
-20550
-20548
-20547
-20531
-20531
-20509
-20498
-20472
-20471
-20455
-20434
-20419
-20412
-20411
-20399
-20377
-20377
-20375
-20369
-20362
-20353
-20349
-20317
-20312
-20311
-20308
-20308
-20300
-20280
-20262
-20252
-20236
-20224
-20224
-20217
-20214
-20208
-20208
-20189
-20184
-20183
-20168
-20161
-20150
-20131
-20103
-20097
-20095
-20068
-20064
-20064
-20061
-20054
-20052
-20012
-19985
-19979
-19962
-19962
-19962
-19961
-19952
-19939
-19930
-19923
-19894
-19891
-19883
-19877
-19870
-19852
-19844
-19833
-19811
-19790
-19771
-19727
-19681
-19678
-19677
-19645
-19641
-19639
-19638
-19626
-19623
-19620
-19578
-19570
-19561
-19533
-19526
-19508
-19488
-19472
-19458
-19434
-19430
-19390
-19370
-19369
-19320
-19314
-19291
-19269
-19268
-19266
-19246
-19241
-19238
-19236
-19230
-19221
-19210
-19202
-19193
-19187
-19154
-19151
-19150
-19065
-19052
-19035
-19025
-19002
-18999
-18959
-18958
-18954
-18920
-18918
-18916
-18904
-18903
-18902
-18892
-18880
-18864
-18859
-18845
-18826
-18818
-18814
-18774
-18769
-18750
-18745
-18744
-18724
-18699
-18692
-18665
-18662
-18658
-18645
-18632
-18627
-18617
-18602
-18587
-18582
-18581
-18569
-18567
-18559
-18552
-18537
-18528
-18515
-18504
-18497
-18492
-18491
-18490
-18478
-18461
-18457
-18438
-18428
-18413
-18413
-18411
-18407
-18350
-18338
-18338
-18305
-18302
-18293
-18228
-18211
-18189
-18150
-18145
-18106
-18058
-18056
-18017
-18004
-17989
-17972
-17954
-17945
-17931
-17885
-17881
-17880
-17876
-17863
-17862
-17834
-17829
-17829
-17828
-17778
-17777
-17762
-17701
-17701
-17651
-17634
-17622
-17622
-17602
-17599
-17575
-17564
-17557
-17543
-17526
-17521
-17487
-17454
-17441
-17439
-17438
-17431
-17419
-17378
-17319
-17318
-17304
-17299
-17275
-17258
-17244
-17231
-17231
-17210
-17202
-17200
-17199
-17170
-17155
-17154
-17143
-17142
-17136
-17124
-17110
-17105
-17072
-17071
-17037
-17030
-17027
-16999
-16996
-16979
-16979
-16922
-16894
-16869
-16868
-16860
-16853
-16841
-16818
-16810
-16759
-16752
-16743
-16742
-16742
-16740
-16714
-16680
-16670
-16658
-16646
-16626
-16623
-16582
-16574
-16570
-16569
-16543
-16504
-16492
-16488
-16473
-16442
-16439
-16438
-16428
-16402
-16400
-16394
-16362
-16359
-16354
-16321
-16321
-16306
-16300
-16298
-16278
-16257
-16251
-16239
-16217
-16216
-16213
-16212
-16189
-16178
-16173
-16116
-16115
-16106
-16097
-16081
-16077
-16075
-16048
-16044
-16037
-16018
-16009
-15993
-15988
-15938
-15935
-15921
-15914
-15911
-15904
-15872
-15848
-15813
-15799
-15788
-15751
-15740
-15733
-15723
-15715
-15690
-15679
-15644
-15641
-15635
-15624
-15614
-15604
-15591
-15549
-15544
-15532
-15506
-15473
-15456
-15436
-15407
-15396
-15394
-15367
-15363
-15359
-15354
-15352
-15337
-15324
-15305
-15302
-15289
-15273
-15270
-15262
-15261
-15238
-15235
-15227
-15225
-15210
-15205
-15202
-15199
-15188
-15135
-15131
-15130
-15101
-15093
-15079
-15066
-15017
-15016
-14976
-14972
-14954
-14948
-14946
-14932
-14923
-14921
-14918
-14918
-14886
-14862
-14857
-14856
-14855
-14835
-14803
-14800
-14799
-14799
-14782
-14779
-14754
-14750
-14748
-14747
-14743
-14729
-14703
-14699
-14691
-14677
-14654
-14644
-14629
-14606
-14563
-14552
-14544
-14539
-14534
-14487
-14460
-14454
-14438
-14435
-14373
-14358
-14283
-14263
-14262
-14247
-14246
-14231
-14227
-14227
-14218
-14209
-14206
-14197
-14194
-14193
-14189
-14178
-14146
-14116
-14114
-14105
-14081
-14077
-14068
-14066
-14064
-14046
-14043
-14005
-13996
-13991
-13989
-13986
-13985
-13978
-13973
-13969
-13937
-13933
-13896
-13892
-13868
-13867
-13859
-13840
-13822
-13809
-13808
-13803
-13778
-13717
-13700
-13676
-13665
-13627
-13617
-13583
-13573
-13554
-13554
-13532
-13522
-13520
-13514
-13506
-13499
-13475
-13460
-13458
-13457
-13435
-13431
-13430
-13402
-13395
-13388
-13372
-13290
-13278
-13269
-13268
-13238
-13237
-13230
-13229
-13225
-13224
-13221
-13206
-13194
-13191
-13185
-13180
-13178
-13166
-13161
-13137
-13137
-13131
-13094
-13090
-13087
-13079
-13060
-13032
-13032
-13021
-13019
-13005
-12972
-12960
-12950
-12947
-12923
-12921
-12879
-12876
-12850
-12834
-12778
-12773
-12773
-12766
-12763
-12754
-12700
-12669
-12663
-12660
-12635
-12633
-12623
-12602
-12534
-12522
-12511
-12509
-12503
-12503
-12484
-12471
-12466
-12449
-12437
-12436
-12405
-12388
-12383
-12378
-12377
-12367
-12360
-12349
-12343
-12329
-12310
-12303
-12299
-12292
-12269
-12258
-12256
-12250
-12226
-12217
-12205
-12205
-12196
-12193
-12193
-12180
-12174
-12146
-12137
-12122
-12117
-12088
-12030
-12022
-12021
-12011
-12000
-11966
-11881
-11877
-11875
-11857
-11855
-11818
-11817
-11816
-11815
-11780
-11772
-11764
-11759
-11754
-11752
-11745
-11744
-11694
-11691
-11689
-11684
-11682
-11667
-11665
-11645
-11618
-11588
-11560
-11554
-11521
-11504
-11501
-11500
-11499
-11483
-11483
-11483
-11473
-11470
-11412
-11387
-11381
-11374
-11365
-11356
-11342
-11308
-11263
-11254
-11248
-11240
-11228
-11226
-11173
-11172
-11165
-11160
-11151
-11146
-11137
-11105
-11103
-11099
-11076
-11067
-11054
-11037
-11002
-10999
-10988
-10979
-10972
-10966
-10963
-10950
-10946
-10935
-10934
-10924
-10912
-10911
-10881
-10875
-10845
-10841
-10840
-10776
-10775
-10766
-10742
-10740
-10725
-10715
-10699
-10691
-10643
-10642
-10628
-10616
-10599
-10599
-10595
-10576
-10546
-10541
-10536
-10528
-10528
-10513
-10510
-10507
-10504
-10503
-10477
-10472
-10464
-10462
-10437
-10423
-10397
-10391
-10368
-10360
-10350
-10317
-10313
-10309
-10300
-10280
-10264
-10251
-10249
-10247
-10239
-10234
-10224
-10220
-10213
-10204
-10195
-10163
-10138
-10129
-10122
-10115
-10089
-10052
-10048
-10047
-10002
-10002
-9996
-9984
-9944
-9938
-9901
-9896
-9876
-9833
-9831
-9809
-9789
-9775
-9770
-9741
-9729
-9728
-9714
-9707
-9694
-9675
-9659
-9655
-9639
-9599
-9585
-9551
-9494
-9474
-9454
-9449
-9442
-9434
-9428
-9410
-9407
-9402
-9395
-9384
-9372
-9357
-9346
-9345
-9324
-9293
-9281
-9262
-9244
-9217
-9208
-9184
-9151
-9151
-9148
-9127
-9122
-9121
-9113
-9112
-9104
-9102
-9101
-9100
-9097
-9078
-9072
-9066
-9048
-9034
-9027
-8990
-8982
-8982
-8979
-8976
-8957
-8940
-8934
-8926
-8920
-8917
-8914
-8904
-8858
-8841
-8827
-8819
-8794
-8772
-8751
-8744
-8740
-8731
-8713
-8702
-8679
-8674
-8672
-8655
-8650
-8627
-8589
-8576
-8561
-8553
-8524
-8518
-8516
-8503
-8502
-8494
-8487
-8484
-8474
-8473
-8463
-8452
-8450
-8449
-8430
-8403
-8356
-8355
-8353
-8329
-8328
-8327
-8318
-8318
-8299
-8291
-8276
-8272
-8266
-8252
-8248
-8248
-8235
-8199
-8198
-8184
-8172
-8157
-8109
-8105
-8076
-8067
-8066
-8060
-8054
-8053
-8043
-8036
-8003
-7992
-7968
-7942
-7928
-7914
-7872
-7853
-7848
-7841
-7750
-7744
-7733
-7675
-7651
-7643
-7640
-7634
-7609
-7606
-7559
-7557
-7556
-7535
-7531
-7483
-7469
-7453
-7445
-7431
-7396
-7392
-7372
-7343
-7332
-7326
-7320
-7307
-7302
-7285
-7272
-7267
-7212
-7203
-7202
-7191
-7111
-7098
-7088
-7088
-7067
-7064
-7061
-7057
-7042
-7038
-7028
-7019
-6990
-6980
-6975
-6973
-6972
-6968
-6961
-6922
-6918
-6914
-6895
-6888
-6886
-6861
-6821
-6800
-6792
-6792
-6786
-6776
-6771
-6770
-6760
-6716
-6652
-6635
-6634
-6625
-6623
-6609
-6604
-6589
-6577
-6576
-6560
-6538
-6531
-6531
-6530
-6521
-6500
-6500
-6486
-6485
-6485
-6484
-6470
-6457
-6452
-6449
-6443
-6431
-6404
-6386
-6351
-6335
-6331
-6324
-6314
-6307
-6294
-6281
-6261
-6231
-6182
-6177
-6156
-6152
-6143
-6142
-6142
-6130
-6115
-6114
-6105
-6065
-6055
-6052
-6047
-6040
-6040
-6033
-5991
-5986
-5961
-5945
-5928
-5917
-5900
-5897
-5841
-5835
-5830
-5821
-5814
-5802
-5802
-5797
-5763
-5761
-5761
-5755
-5745
-5731
-5724
-5719
-5711
-5643
-5617
-5589
-5588
-5580
-5579
-5575
-5574
-5570
-5545
-5544
-5542
-5526
-5505
-5480
-5476
-5433
-5407
-5380
-5368
-5363
-5360
-5354
-5335
-5320
-5311
-5263
-5262
-5259
-5251
-5213
-5170
-5163
-5156
-5107
-5096
-5090
-5067
-5044
-5011
-5008
-5003
-5003
-4995
-4990
-4988
-4986
-4986
-4983
-4939
-4920
-4886
-4876
-4872
-4854
-4838
-4829
-4828
-4809
-4784
-4778
-4775
-4774
-4766
-4757
-4749
-4740
-4725
-4690
-4686
-4640
-4610
-4567
-4555
-4550
-4428
-4428
-4417
-4408
-4400
-4359
-4356
-4352
-4347
-4338
-4337
-4336
-4332
-4316
-4297
-4289
-4265
-4264
-4237
-4221
-4218
-4172
-4166
-4165
-4133
-4131
-4127
-4110
-4109
-4100
-4096
-4083
-4082
-4081
-4052
-4037
-4032
-4029
-4028
-4021
-4016
-3999
-3996
-3991
-3985
-3973
-3962
-3949
-3927
-3918
-3913
-3911
-3894
-3879
-3872
-3863
-3843
-3818
-3814
-3797
-3786
-3772
-3765
-3763
-3763
-3727
-3724
-3701
-3674
-3628
-3626
-3620
-3613
-3568
-3564
-3564
-3548
-3543
-3533
-3520
-3498
-3496
-3483
-3480
-3479
-3454
-3447
-3447
-3432
-3396
-3379
-3374
-3367
-3342
-3329
-3282
-3271
-3270
-3265
-3255
-3230
-3196
-3180
-3163
-3154
-3127
-3125
-3080
-3076
-3073
-3065
-3040
-3032
-3021
-2980
-2960
-2945
-2915
-2910
-2901
-2891
-2880
-2876
-2867
-2862
-2854
-2829
-2826
-2815
-2783
-2781
-2780
-2768
-2751
-2746
-2737
-2692
-2657
-2645
-2629
-2613
-2607
-2590
-2565
-2547
-2524
-2513
-2490
-2486
-2483
-2459
-2455
-2428
-2423
-2417
-2364
-2364
-2364
-2358
-2355
-2350
-2334
-2303
-2299
-2297
-2271
-2266
-2263
-2262
-2252
-2249
-2244
-2243
-2241
-2240
-2191
-2186
-2176
-2172
-2167
-2153
-2127
-2124
-2122
-2121
-2114
-2111
-2111
-2096
-2092
-2058
-2046
-2041
-2037
-2034
-2022
-2007
-1911
-1908
-1903
-1900
-1892
-1888
-1886
-1878
-1877
-1871
-1856
-1845
-1842
-1836
-1834
-1828
-1814
-1802
-1788
-1774
-1755
-1736
-1728
-1678
-1674
-1660
-1656
-1650
-1642
-1635
-1594
-1591
-1587
-1572
-1569
-1564
-1563
-1557
-1557
-1531
-1515
-1497
-1493
-1483
-1480
-1469
-1458
-1457
-1447
-1424
-1422
-1408
-1405
-1388
-1369
-1362
-1354
-1338
-1333
-1324
-1314
-1306
-1290
-1288
-1283
-1278
-1278
-1266
-1254
-1251
-1251
-1247
-1233
-1232
-1218
-1217
-1185
-1168
-1165
-1162
-1161
-1119
-1095
-1084
-1072
-1068
-1068
-1058
-1049
-1028
-1027
-1026
-1021
-1015
-1013
-1007
-1000
-950
-939
-935
-916
-881
-880
-878
-877
-865
-863
-858
-848
-845
-843
-829
-817
-802
-775
-773
-773
-741
-725
-686
-672
-654
-640
-634
-606
-574
-572
-568
-550
-478
-468
-462
-459
-454
-436
-430
-420
-419
-406
-396
-385
-380
-376
-369
-365
-354
-336
-328
-326
-303
-293
-283
-268
-257
-213
-199
-157
-145
-137
-118
-106
-95
-93
-71
-68
-44
-38
-36
-9
-2
2
7
12
14
19
20
34
40
40
51
66
67
89
97
100
101
112
112
120
140
140
141
145
145
154
164
166
194
194
198
261
272
291
292
307
326
330
339
344
351
351
392
397
455
460
502
509
512
514
530
555
558
585
599
603
608
611
646
667
689
698
702
747
752
754
758
760
763
793
795
800
806
811
840
847
849
861
864
885
891
892
910
921
924
928
933
948
966
1007
1036
1046
1050
1068
1073
1076
1100
1101
1102
1102
1118
1123
1125
1131
1155
1161
1179
1190
1195
1196
1198
1199
1205
1207
1233
1240
1241
1252
1255
1275
1304
1321
1326
1334
1340
1356
1367
1417
1422
1487
1578
1591
1607
1612
1614
1625
1630
1651
1653
1666
1677
1689
1695
1696
1724
1734
1746
1757
1787
1808
1819
1872
1901
1934
1937
1977
1984
2018
2029
2106
2107
2118
2134
2168
2184
2193
2229
2247
2254
2255
2267
2298
2306
2306
2350
2368
2375
2378
2380
2396
2416
2422
2426
2442
2443
2450
2454
2455
2473
2482
2493
2494
2527
2546
2547
2552
2576
2577
2653
2676
2711
2730
2736
2745
2748
2751
2767
2784
2790
2792
2810
2863
2867
2895
2913
2920
2930
2931
2955
2958
2959
2960
2976
2977
2980
2990
3007
3081
3081
3082
3088
3090
3102
3106
3107
3115
3128
3141
3169
3201
3236
3246
3252
3265
3266
3293
3307
3307
3309
3315
3320
3334
3345
3354
3354
3357
3402
3405
3405
3418
3421
3425
3433
3436
3447
3448
3465
3475
3487
3495
3496
3508
3517
3554
3555
3573
3578
3583
3587
3597
3623
3654
3657
3667
3667
3674
3686
3695
3696
3703
3705
3709
3720
3735
3744
3757
3771
3794
3805
3807
3818
3832
3832
3842
3844
3864
3871
3873
3879
3900
3901
3901
3904
3905
3922
3924
3935
3941
3966
3979
4007
4039
4079
4085
4085
4092
4100
4111
4116
4132
4140
4165
4165
4183
4186
4219
4222
4241
4244
4278
4292
4299
4302
4366
4391
4392
4407
4438
4443
4465
4472
4477
4479
4485
4486
4518
4523
4536
4542
4546
4549
4560
4564
4599
4617
4637
4638
4656
4657
4660
4692
4711
4715
4727
4730
4755
4756
4764
4780
4790
4803
4822
4824
4839
4846
4854
4857
4865
4872
4902
4930
4938
4965
4971
4973
4998
5033
5038
5047
5064
5073
5081
5136
5142
5171
5183
5222
5228
5248
5249
5251
5267
5272
5276
5311
5317
5336
5343
5361
5369
5370
5371
5376
5426
5456
5476
5478
5502
5507
5537
5584
5609
5610
5619
5630
5637
5671
5691
5701
5709
5724
5741
5772
5772
5776
5777
5821
5824
5826
5912
5921
5943
5967
5975
5989
5998
6011
6055
6062
6064
6072
6086
6089
6091
6098
6100
6123
6126
6128
6143
6166
6171
6186
6192
6201
6203
6205
6218
6223
6227
6272
6275
6289
6296
6306
6327
6329
6336
6365
6383
6387
6393
6401
6408
6424
6436
6476
6485
6515
6525
6530
6553
6562
6570
6576
6580
6585
6624
6625
6654
6661
6666
6687
6691
6692
6694
6701
6713
6746
6748
6754
6755
6756
6810
6839
6849
6850
6859
6864
6892
6898
6930
6931
6943
6945
6947
6955
6957
6960
6982
7023
7040
7042
7049
7052
7059
7066
7070
7080
7082
7095
7096
7102
7126
7138
7157
7167
7192
7196
7201
7206
7213
7216
7236
7250
7255
7271
7280
7280
7299
7368
7372
7373
7395
7405
7425
7434
7452
7468
7477
7503
7535
7536
7542
7562
7570
7587
7641
7641
7642
7664
7668
7681
7682
7721
7758
7765
7778
7786
7837
7843
7876
7882
7904
7928
7949
7965
7974
8007
8020
8049
8057
8075
8078
8110
8119
8128
8153
8154
8167
8175
8176
8204
8206
8260
8270
8279
8282
8286
8301
8310
8325
8330
8334
8368
8370
8382
8386
8403
8423
8437
8443
8452
8474
8483
8490
8501
8528
8531
8532
8536
8540
8541
8556
8573
8597
8633
8635
8639
8643
8669
8676
8684
8689
8691
8697
8717
8726
8732
8750
8758
8758
8767
8787
8788
8803
8806
8832
8841
8851
8865
8869
8870
8890
8895
8910
8913
8918
8920
8925
8927
8934
8946
8959
8963
8978
8984
8992
8996
9009
9010
9018
9035
9040
9042
9053
9068
9077
9086
9100
9104
9105
9109
9122
9178
9183
9192
9227
9240
9243
9271
9286
9294
9297
9315
9319
9358
9371
9379
9389
9393
9402
9407
9409
9428
9439
9445
9446
9455
9465
9468
9480
9532
9541
9542
9548
9568
9592
9601
9603
9612
9614
9623
9636
9638
9646
9657
9662
9663
9677
9678
9684
9689
9709
9710
9748
9752
9763
9831
9847
9860
9877
9880
9884
9893
9910
9913
9913
9914
9941
9953
10027
10043
10058
10064
10071
10080
10090
10097
10136
10143
10150
10155
10176
10182
10183
10220
10229
10230
10233
10244
10252
10256
10267
10274
10305
10327
10344
10368
10383
10386
10388
10402
10408
10432
10440
10440
10447
10448
10452
10457
10471
10489
10509
10510
10513
10515
10520
10536
10541
10567
10568
10591
10592
10595
10607
10631
10635
10661
10683
10692
10696
10698
10706
10716
10729
10768
10776
10780
10787
10804
10825
10832
10833
10848
10852
10862
10862
10863
10863
10876
10889
10909
10916
10925
10938
10949
10965
10980
10999
11020
11020
11049
11050
11052
11073
11073
11076
11077
11096
11116
11117
11128
11132
11140
11153
11157
11161
11164
11196
11216
11232
11242
11243
11252
11256
11256
11275
11285
11291
11320
11335
11343
11369
11383
11393
11411
11434
11437
11437
11470
11476
11482
11507
11540
11545
11547
11549
11549
11560
11576
11595
11597
11616
11636
11640
11644
11651
11652
11704
11720
11722
11731
11747
11748
11749
11751
11760
11763
11766
11788
11789
11798
11800
11813
11839
11856
11877
11878
11878
11880
11881
11928
11937
11938
11949
11951
11958
11970
11986
12006
12044
12048
12054
12064
12065
12090
12103
12116
12116
12124
12150
12162
12163
12173
12197
12197
12203
12214
12239
12251
12257
12258
12273
12284
12330
12344
12346
12356
12361
12366
12377
12388
12410
12415
12426
12433
12435
12448
12457
12471
12513
12518
12526
12562
12591
12607
12647
12664
12669
12675
12687
12689
12699
12721
12741
12774
12795
12803
12808
12814
12822
12834
12845
12855
12857
12859
12861
12875
12878
12881
12883
12899
12907
12915
12915
12944
12949
12953
12959
12962
12967
12971
13022
13024
13034
13077
13082
13126
13127
13229
13230
13231
13249
13270
13272
13284
13286
13303
13309
13323
13324
13327
13360
13383
13387
13399
13401
13401
13406
13420
13421
13436
13439
13459
13461
13473
13483
13497
13584
13585
13601
13637
13649
13654
13657
13657
13672
13674
13726
13732
13737
13750
13768
13775
13781
13827
13848
13859
13880
13892
13910
13912
13931
13940
13959
13970
13973
13989
14060
14096
14120
14121
14127
14134
14169
14181
14181
14206
14209
14228
14247
14261
14262
14267
14295
14302
14305
14307
14324
14329
14330
14333
14350
14380
14410
14415
14430
14434
14437
14437
14461
14468
14493
14505
14519
14532
14533
14534
14541
14543
14544
14548
14550
14563
14574
14585
14596
14646
14653
14662
14663
14668
14674
14675
14692
14698
14705
14706
14745
14777
14807
14836
14840
14849
14849
14858
14876
14905
14906
14909
14922
14937
14951
14952
14969
14997
15000
15004
15014
15044
15046
15071
15073
15075
15080
15095
15095
15112
15129
15130
15138
15149
15153
15153
15156
15161
15173
15185
15200
15211
15218
15235
15245
15266
15317
15336
15347
15386
15396
15397
15409
15436
15439
15440
15447
15449
15475
15488
15521
15561
15565
15565
15567
15568
15600
15628
15635
15638
15649
15666
15668
15682
15683
15711
15729
15729
15759
15767
15770
15771
15772
15785
15786
15812
15819
15822
15825
15839
15847
15864
15867
15870
15870
15872
15892
15902
15917
15929
15945
15947
15959
15967
15973
15989
16001
16014
16016
16027
16043
16049
16060
16125
16128
16130
16140
16147
16173
16187
16190
16204
16243
16257
16271
16276
16278
16298
16298
16309
16317
16329
16330
16331
16332
16336
16338
16339
16381
16395
16399
16410
16428
16467
16505
16523
16553
16561
16563
16564
16565
16620
16622
16627
16653
16660
16665
16680
16694
16698
16709
16736
16764
16768
16784
16791
16793
16800
16801
16842
16867
16877
16894
16904
16906
16907
16912
16921
16925
16935
16950
16977
16980
16982
16993
17011
17013
17014
17025
17038
17040
17056
17062
17063
17083
17086
17101
17101
17107
17107
17143
17151
17151
17181
17184
17194
17210
17236
17241
17266
17273
17284
17291
17311
17318
17330
17336
17343
17378
17407
17426
17428
17439
17448
17448
17454
17482
17504
17508
17515
17539
17544
17594
17596
17600
17602
17609
17631
17639
17642
17655
17660
17662
17664
17674
17675
17688
17696
17733
17761
17762
17763
17775
17787
17817
17838
17851
17856
17862
17880
17886
17891
17905
17940
17953
17960
17994
18009
18018
18042
18061
18089
18094
18099
18136
18141
18143
18177
18179
18201
18214
18230
18232
18233
18245
18275
18286
18293
18299
18353
18356
18356
18360
18361
18366
18369
18377
18381
18383
18405
18412
18425
18435
18448
18499
18502
18541
18558
18564
18589
18589
18593
18593
18598
18599
18600
18609
18631
18634
18664
18666
18671
18674
18675
18693
18697
18723
18732
18740
18744
18766
18790
18791
18802
18811
18816
18818
18822
18845
18848
18864
18883
18896
18914
18915
18958
18965
18968
18968
18975
18975
18989
18989
18995
19023
19032
19055
19056
19057
19065
19106
19141
19157
19191
19223
19244
19252
19255
19259
19264
19264
19296
19311
19320
19332
19341
19354
19366
19443
19462
19464
19487
19490
19497
19508
19513
19516
19534
19541
19552
19559
19583
19595
19610
19611
19623
19658
19660
19737
19812
19814
19833
19843
19851
19857
19859
19892
19906
19911
19915
19971
19978
19989
19991
19994
19995
20007
20024
20025
20057
20071
20073
20074
20077
20079
20083
20085
20103
20111
20178
20204
20212
20216
20219
20223
20260
20283
20296
20312
20371
20412
20428
20443
20453
20457
20469
20478
20487
20493
20501
20505
20520
20533
20537
20546
20547
20575
20578
20584
20606
20608
20612
20620
20632
20632
20634
20637
20642
20683
20697
20698
20701
20710
20722
20725
20726
20739
20772
20775
20808
20829
20848
20850
20866
20872
20880
20890
20892
20894
20908
20913
20915
20926
20938
20943
20985
21019
21025
21044
21045
21074
21088
21098
21144
21164
21178
21179
21179
21189
21198
21236
21251
21252
21254
21265
21279
21325
21365
21370
21373
21393
21395
21410
21441
21449
21454
21456
21459
21479
21508
21521
21527
21544
21547
21558
21565
21573
21580
21597
21602
21616
21636
21636
21638
21646
21660
21667
21679
21679
21692
21704
21764
21768
21796
21798
21826
21850
21877
21889
21896
21907
21921
21925
21935
21936
21941
21978
21986
21986
21987
22022
22028
22029
22030
22039
22046
22080
22082
22092
22133
22134
22148
22173
22186
22194
22200
22202
22224
22235
22237
22248
22266
22270
22277
22281
22294
22295
22299
22301
22302
22319
22324
22332
22373
22408
22460
22485
22518
22563
22619
22620
22637
22648
22715
22720
22775
22788
22793
22798
22811
22821
22843
22855
22858
22882
22899
22914
22923
22926
22928
22930
22931
22951
22957
22977
22987
23031
23033
23040
23041
23060
23066
23071
23082
23086
23090
23103
23121
23121
23125
23142
23147
23163
23167
23185
23212
23212
23217
23263
23279
23307
23323
23324
23328
23336
23348
23349
23361
23365
23372
23377
23412
23419
23419
23422
23429
23429
23449
23453
23464
23465
23482
23499
23519
23532
23565
23573
23581
23584
23593
23601
23610
23622
23627
23648
23662
23684
23686
23691
23699
23718
23721
23723
23724
23730
23734
23761
23768
23778
23780
23780
23805
23828
23851
23864
23872
23902
23932
23965
23981
23998
24005
24008
24013
24118
24196
24202
24212
24245
24252
24267
24268
24277
24295
24306
24311
24334
24337
24350
24354
24356
24358
24365
24402
24454
24464
24472
24478
24481
24541
24553
24564
24582
24584
24592
24624
24660
24668
24679
24679
24695
24702
24749
24752
24763
24770
24778
24799
24805
24818
24824
24870
24886
24903
24917
24922
24936
24947
24974
24980
24998
25006
25042
25054
25075
25075
25076
25086
25090
25103
25103
25107
25118
25142
25155
25186
25187
25202
25219
25220
25229
25248
25250
25251
25280
25283
25290
25303
25320
25324
25327
25334
25367
25375
25396
25397
25409
25420
25426
25468
25507
25510
25532
25534
25537
25567
25567
25577
25595
25624
25651
25673
25687
25729
25732
25744
25762
25767
25784
25804
25811
25820
25821
25822
25822
25833
25847
25856
25857
25870
25907
25921
25934
25937
25940
25949
25956
25974
25988
25991
25992
26010
26015
26026
26055
26078
26089
26100
26102
26103
26114
26150
26157
26164
26180
26183
26194
26194
26213
26216
26234
26241
26252
26257
26276
26279
26288
26297
26310
26310
26318
26344
26345
26355
26399
26405
26409
26432
26450
26452
26469
26481
26489
26512
26514
26523
26527
26539
26557
26557
26560
26578
26582
26584
26584
26601
26609
26617
26626
26649
26663
26674
26678
26700
26746
26748
26783
26784
26793
26801
26874
26875
26888
26895
26902
26902
26940
26944
26944
26954
26962
26972
26983
26987
26990
27006
27015
27030
27033
27033
27053
27057
27065
27081
27098
27112
27161
27169
27182
27189
27198
27199
27204
27212
27212
27219
27221
27225
27225
27232
27270
27274
27275
27312
27312
27332
27337
27364
27368
27371
27382
27423
27436
27461
27469
27475
27495
27511
27513
27527
27534
27536
27540
27545
27562
27569
27570
27577
27582
27591
27597
27643
27673
27686
27690
27692
27734
27744
27791
27791
27803
27803
27812
27820
27834
27835
27858
27900
27911
27912
27949
27951
27966
27973
28012
28041
28075
28090
28096
28118
28122
28135
28140
28203
28207
28208
28212
28271
28273
28299
28306
28318
28326
28328
28339
28357
28379
28390
28393
28443
28459
28462
28484
28502
28508
28535
28553
28558
28563
28568
28571
28581
28581
28594
28595
28638
28647
28652
28668
28713
28720
28721
28746
28801
28823
28852
28879
28879
28881
28890
28916
28921
28932
28982
28996
29038
29048
29076
29091
29091
29092
29097
29099
29100
29108
29116
29133
29135
29149
29161
29170
29172
29179
29183
29192
29208
29264
29266
29273
29286
29316
29324
29325
29329
29331
29346
29349
29352
29363
29366
29371
29382
29384
29405
29408
29412
29446
29469
29477
29510
29542
29604
29605
29608
29615
29637
29662
29719
29720
29721
29739
29742
29744
29756
29761
29774
29778
29789
29790
29797
29821
29852
29859
29905
29930
29933
29936
29962
29980
29999
30005
30029
30046
30049
30058
30058
30084
30097
30104
30124
30143
30154
30198
30201
30216
30255
30256
30265
30268
30279
30313
30313
30318
30321
30330
30337
30365
30394
30424
30427
30433
30457
30463
30474
30492
30509
30510
30513
30514
30531
30536
30593
30601
30606
30646
30674
30686
30698
30702
30711
30711
30734
30743
30747
30769
30775
30788
30794
30814
30834
30845
30847
30863
30886
30891
30931
30950
30955
30963
30984
30988
30995
31005
31010
31107
31118
31121
31127
31138
31143
31165
31169
31169
31177
31185
31187
31192
31212
31225
31241
31250
31264
31305
31306
31311
31312
31315
31322
31323
31328
31336
31336
31342
31346
31383
31410
31419
31431
31438
31449
31463
31500
31518
31518
31547
31557
31567
31573
31575
31589
31665
31713
31726
31728
31743
31753
31764
31786
31815
31825
31828
31842
31851
31883
31920
31922
31928
31975
31990
32015
32018
32031
32046
32049
32083
32095
32097
32104
32142
32147
32154
32159
32159
32204
32212
32230
32236
32244
32269
32295
32295
32302
32339
32342
32350
32351
32385
32403
32403
32430
32459
32465
32490
32513
32539
32540
32543
32543
32553
32565
32566
32574
32588
32609
32617
32638
32642
32649
32659
32667
32670
32678
32682
32705
32723
32732
32736
32746
32753
32769
32786
32793
32795
32804
32805
32806
32813
32826
32829
32829
32876
32913
32948
32966
32970
33008
33025
33036
33058
33078
33121
33167
33172
33175
33211
33213
33225
33240
33247
33265
33275
33313
33314
33315
33316
33337
33342
33368
33390
33395
33401
33446
33469
33475
33484
33489
33497
33520
33528
33534
33535
33545
33555
33564
33568
33586
33592
33605
33606
33649
33701
33708
33724
33728
33735
33744
33748
33752
33761
33765
33806
33830
33835
33844
33846
33855
33873
33873
33897
33905
33912
33914
33915
33929
33954
33963
33975
33976
33981
33998
34002
34006
34029
34056
34092
34105
34120
34125
34130
34132
34137
34165
34191
34193
34204
34211
34230
34232
34233
34235
34250
34256
34281
34288
34288
34296
34310
34343
34344
34357
34365
34370
34370
34385
34403
34420
34421
34422
34435
34441
34444
34448
34455
34467
34468
34478
34479
34511
34512
34528
34539
34539
34570
34617
34635
34643
34661
34677
34694
34711
34732
34735
34751
34777
34788
34791
34795
34808
34816
34846
34848
34856
34873
34899
34900
34936
34953
34954
34957
34962
34976
34995
34999
35000
35027
35031
35043
35080
35081
35084
35090
35104
35114
35120
35131
35141
35149
35151
35164
35185
35188
35192
35194
35206
35218
35222
35226
35232
35239
35258
35271
35314
35316
35321
35343
35365
35376
35394
35395
35397
35401
35403
35416
35437
35449
35451
35459
35467
35468
35505
35514
35515
35545
35546
35561
35596
35600
35614
35643
35654
35657
35658
35658
35689
35695
35703
35721
35726
35736
35768
35772
35780
35791
35806
35814
35829
35866
35876
35888
35888
35901
35905
35939
35941
35941
35945
35978
35980
35986
35997
36001
36006
36021
36044
36063
36068
36092
36095
36108
36108
36116
36121
36123
36127
36135
36160
36171
36196
36196
36196
36238
36253
36263
36264
36299
36327
36351
36373
36406
36421
36424
36427
36433
36447
36450
36457
36470
36481
36509
36523
36530
36544
36547
36565
36581
36582
36642
36643
36692
36695
36746
36787
36795
36795
36838
36841
36858
36862
36919
36932
36933
36945
36948
36957
36993
36998
37002
37022
37028
37034
37048
37058
37066
37077
37077
37087
37112
37131
37133
37135
37154
37170
37181
37196
37216
37217
37235
37237
37254
37269
37297
37303
37332
37333
37333
37336
37361
37365
37377
37384
37385
37387
37402
37413
37440
37445
37446
37451
37466
37472
37480
37502
37516
37519
37525
37525
37535
37542
37546
37556
37577
37582
37592
37666
37680
37683
37683
37693
37702
37705
37730
37738
37748
37759
37764
37773
37783
37800
37805
37809
37813
37819
37828
37844
37886
37888
37889
37891
37917
37924
37925
37929
37931
37936
37974
37975
37997
38032
38047
38059
38065
38090
38099
38103
38133
38142
38144
38158
38162
38175
38209
38211
38264
38270
38272
38291
38297
38314
38322
38348
38412
38424
38426
38449
38449
38452
38467
38506
38515
38518
38540
38560
38561
38582
38605
38649
38672
38693
38713
38757
38759
38786
38795
38805
38810
38811
38829
38833
38834
38844
38862
38891
38897
38906
38914
38923
38927
38931
38940
38942
38958
38959
38973
38973
38975
38979
38980
38998
39011
39028
39038
39046
39055
39056
39057
39061
39071
39099
39102
39111
39115
39119
39132
39132
39144
39166
39218
39236
39244
39248
39259
39267
39273
39274
39275
39283
39284
39305
39308
39339
39339
39346
39354
39361
39367
39376
39385
39392
39395
39395
39415
39435
39465
39497
39539
39544
39547
39570
39572
39576
39578
39623
39630
39665
39680
39752
39756
39770
39783
39794
39806
39843
39845
39847
39850
39865
39877
39892
39916
39936
39938
39942
39977
39981
39995
40002
40004
40026
40027
40043
40064
40065
40105
40117
40126
40139
40139
40145
40156
40168
40178
40179
40179
40201
40208
40223
40224
40229
40240
40251
40259
40284
40285
40289
40306
40319
40325
40330
40334
40352
40356
40381
40399
40408
40410
40419
40422
40430
40435
40439
40446
40502
40520
40532
40557
40573
40581
40593
40597
40616
40654
40655
40662
40672
40697
40719
40748
40770
40772
40787
40801
40816
40823
40855
40905
40908
40909
40910
40932
40955
40967
40970
41012
41030
41038
41065
41069
41098
41112
41188
41227
41239
41265
41296
41305
41318
41322
41324
41356
41366
41371
41385
41397
41421
41433
41434
41484
41502
41521
41531
41538
41545
41553
41559
41565
41569
41585
41587
41616
41618
41634
41635
41664
41692
41697
41716
41738
41760
41769
41775
41786
41789
41791
41830
41858
41859
41860
41908
41919
41934
41936
41972
41972
41976
42024
42037
42038
42103
42138
42139
42144
42152
42160
42163
42202
42211
42226
42241
42245
42258
42273
42281
42308
42318
42325
42390
42399
42400
42409
42423
42424
42440
42451
42452
42457
42471
42501
42513
42513
42526
42536
42549
42552
42563
42566
42575
42580
42582
42595
42599
42611
42618
42628
42634
42674
42676
42693
42724
42738
42743
42768
42812
42816
42824
42827
42828
42879
42879
42881
42883
42891
42905
42931
42931
42936
42948
42960
42971
42981
43008
43012
43022
43028
43043
43049
43052
43058
43074
43074
43084
43085
43086
43105
43145
43166
43173
43174
43186
43197
43204
43208
43210
43227
43231
43231
43239
43248
43254
43268
43292
43293
43317
43321
43335
43349
43375
43408
43412
43441
43447
43452
43462
43508
43509
43518
43519
43524
43538
43566
43576
43577
43593
43611
43647
43647
43656
43674
43701
43706
43707
43707
43730
43752
43764
43766
43793
43794
43808
43821
43823
43829
43831
43838
43844
43853
43854
43867
43886
43891
43895
43902
43915
43920
43926
43930
43940
43964
43966
43979
44015
44017
44037
44063
44079
44081
44096
44103
44107
44128
44149
44151
44163
44171
44179
44222
44245
44250
44258
44264
44275
44281
44284
44284
44358
44375
44388
44394
44408
44410
44412
44454
44476
44483
44489
44495
44496
44509
44521
44532
44543
44551
44580
44586
44605
44621
44625
44648
44648
44665
44667
44687
44696
44708
44726
44731
44742
44752
44755
44778
44782
44783
44786
44800
44813
44836
44857
44859
44866
44876
44880
44906
44907
44910
44939
44980
44987
44988
44996
45013
45035
45037
45040
45041
45042
45043
45046
45070
45083
45098
45098
45113
45159
45160
45180
45187
45204
45279
45296
45315
45327
45331
45331
45343
45353
45359
45371
45377
45386
45400
45430
45439
45445
45451
45465
45492
45498
45511
45526
45540
45546
45557
45559
45566
45575
45584
45587
45608
45618
45624
45650
45651
45699
45710
45716
45722
45726
45735
45742
45763
45767
45769
45770
45796
45805
45821
45828
45829
45847
45858
45876
45879
45885
45885
45895
45915
45925
45946
45965
45975
45983
45996
46016
46026
46033
46039
46042
46044
46065
46070
46082
46082
46113
46132
46139
46145
46148
46165
46175
46180
46180
46188
46215
46229
46233
46250
46264
46265
46284
46286
46315
46329
46357
46365
46366
46373
46385
46416
46426
46438
46447
46451
46452
46452
46469
46482
46483
46516
46516
46531
46589
46591
46655
46660
46661
46678
46680
46682
46685
46706
46715
46753
46764
46781
46782
46784
46801
46803
46822
46833
46833
46843
46845
46849
46850
46851
46882
46894
46919
46937
46940
46952
46962
46963
46969
46974
46975
46975
46980
46990
46999
46999
47000
47011
47021
47072
47103
47105
47115
47117
47124
47124
47133
47152
47153
47164
47185
47204
47206
47211
47211
47222
47223
47224
47225
47279
47293
47303
47306
47310
47314
47318
47359
47365
47385
47390
47395
47402
47413
47418
47421
47422
47429
47430
47430
47445
47446
47458
47484
47491
47509
47547
47558
47571
47599
47602
47611
47616
47638
47640
47642
47643
47647
47670
47687
47689
47710
47712
47715
47754
47765
47778
47797
47855
47867
47871
47888
47893
47899
47903
47912
47916
47951
47952
47959
47960
47974
47975
48002
48008
48012
48025
48030
48030
48041
48081
48083
48088
48111
48129
48134
48143
48148
48153
48155
48169
48172
48177
48177
48195
48199
48239
48247
48257
48266
48287
48289
48299
48304
48305
48310
48357
48361
48381
48436
48454
48474
48522
48524
48534
48552
48564
48576
48578
48603
48603
48610
48611
48615
48628
48655
48659
48663
48665
48668
48697
48708
48715
48718
48731
48741
48744
48749
48765
48775
48808
48809
48840
48844
48860
48866
48872
48898
48904
48912
48949
48959
48965
48985
49004
49010
49017
49035
49072
49093
49129
49137
49169
49179
49197
49202
49203
49221
49234
49256
49257
49310
49315
49337
49337
49345
49350
49355
49377
49392
49406
49409
49428
49462
49519
49527
49529
49556
49563
49573
49575
49580
49588
49606
49613
49633
49634
49639
49651
49692
49700
49725
49738
49741
49747
49751
49759
49762
49766
49769
49770
49783
49865
49866
49905
49918
49945
49952
49958
49961
49999
50005
50008
50008
50015
50026
50031
50044
50047
50068
50072
50087
50089
50098
50100
50102
50109
50121
50137
50142
50142
50142
50144
50169
50173
50180
50182
50211
50286
50287
50318
50321
50350
50353
50377
50395
50397
50410
50413
50417
50419
50420
50443
50450
50451
50460
50469
50486
50514
50592
50597
50613
50620
50644
50658
50661
50684
50685
50699
50724
50724
50739
50741
50751
50805
50821
50823
50826
50873
50882
50898
50904
50906
50911
50919
50920
50940
50944
50974
50993
50994
50994
50997
50999
51000
51002
51013
51034
51049
51055
51062
51097
51108
51146
51182
51190
51201
51217
51219
51225
51230
51234
51260
51280
51292
51297
51338
51339
51347
51353
51357
51361
51368
51375
51381
51392
51424
51430
51496
51564
51567
51570
51593
51597
51599
51600
51602
51605
51615
51620
51640
51644
51664
51675
51678
51678
51697
51697
51699
51710
51728
51729
51740
51758
51775
51801
51807
51825
51837
51846
51852
51854
51858
51888
51893
51933
51940
51941
51941
51955
51959
51969
51982
52010
52024
52042
52049
52087
52101
52105
52107
52111
52120
52125
52145
52147
52169
52186
52187
52216
52243
52255
52263
52267
52279
52286
52288
52323
52331
52333
52339
52339
52348
52366
52377
52401
52413
52440
52441
52443
52444
52464
52467
52469
52469
52470
52471
52486
52496
52510
52527
52546
52566
52571
52579
52606
52642
52684
52699
52700
52702
52705
52733
52734
52743
52746
52748
52760
52774
52813
52813
52829
52836
52840
52892
52907
52914
52916
52922
52932
52940
52952
52972
52981
52994
53002
53032
53049
53051
53058
53076
53084
53085
53113
53154
53168
53183
53189
53193
53203
53211
53236
53264
53264
53273
53273
53275
53277
53279
53284
53297
53311
53319
53322
53325
53335
53359
53367
53376
53380
53384
53390
53390
53411
53432
53444
53465
53473
53484
53499
53517
53521
53522
53534
53541
53543
53559
53572
53597
53604
53652
53678
53679
53680
53681
53682
53686
53713
53732
53754
53772
53777
53784
53805
53863
53864
53887
53888
53891
53901
53905
53908
53910
53912
53915
53929
53936
53948
53956
53980
53993
54005
54011
54015
54068
54072
54080
54116
54127
54131
54151
54151
54164
54176
54197
54223
54231
54231
54270
54273
54280
54282
54297
54375
54394
54399
54415
54432
54457
54524
54533
54545
54577
54617
54635
54655
54670
54673
54681
54701
54723
54727
54768
54768
54771
54812
54816
54844
54853
54855
54881
54918
54931
54933
54935
54978
54988
55013
55016
55021
55043
55046
55065
55082
55085
55091
55110
55115
55142
55174
55213
55214
55221
55244
55247
55267
55272
55276
55308
55316
55322
55328
55347
55349
55352
55359
55377
55385
55394
55396
55405
55439
55443
55444
55450
55452
55454
55487
55507
55510
55528
55544
55564
55569
55586
55596
55597
55623
55654
55684
55735
55767
55775
55779
55807
55833
55834
55841
55846
55855
55876
55887
55908
55910
55920
55940
55960
55965
55971
55974
55976
55979
55982
55988
56033
56060
56069
56090
56090
56095
56109
56115
56134
56164
56182
56186
56193
56200
56201
56213
56258
56268
56316
56323
56328
56378
56387
56406
56422
56445
56450
56460
56466
56468
56504
56505
56505
56536
56544
56551
56560
56595
56611
56612
56634
56640
56641
56738
56756
56759
56764
56785
56793
56799
56813
56823
56828
56837
56865
56887
56910
56941
56948
56958
56960
56984
57002
57003
57022
57031
57059
57060
57068
57092
57128
57134
57151
57153
57153
57176
57177
57179
57195
57209
57231
57255
57301
57307
57315
57343
57350
57368
57372
57374
57386
57412
57425
57430
57442
57446
57489
57489
57594
57611
57617
57619
57621
57622
57632
57632
57712
57717
57717
57746
57748
57777
57783
57815
57826
57836
57836
57840
57842
57887
57897
57898
57905
57918
57920
57958
57958
57959
57959
57979
57984
58008
58019
58023
58062
58071
58080
58080
58086
58096
58096
58116
58167
58170
58177
58183
58187
58188
58192
58203
58204
58217
58223
58227
58238
58240
58267
58273
58280
58290
58297
58303
58305
58324
58327
58329
58332
58334
58339
58367
58393
58397
58404
58419
58445
58466
58471
58491
58499
58503
58504
58536
58544
58550
58552
58560
58585
58593
58616
58617
58621
58630
58676
58691
58698
58728
58739
58764
58792
58793
58804
58834
58861
58863
58869
58869
58889
58921
58929
58956
58985
59003
59032
59036
59062
59071
59078
59087
59089
59104
59108
59130
59132
59149
59155
59160
59189
59202
59225
59245
59246
59269
59282
59284
59287
59289
59294
59343
59349
59349
59361
59379
59380
59381
59386
59411
59431
59478
59491
59494
59523
59556
59572
59582
59582
59582
59587
59592
59601
59618
59620
59623
59630
59644
59664
59671
59737
59741
59741
59779
59786
59795
59800
59802
59804
59821
59831
59887
59888
59890
59891
59894
59907
59909
59926
59946
59967
59968
59972
59972
59981
59982
59990
59992
60036
60038
60050
60063
60068
60108
60119
60123
60144
60144
60144
60154
60161
60163
60168
60216
60239
60278
60283
60290
60322
60346
60367
60368
60370
60372
60373
60378
60378
60386
60390
60393
60408
60411
60422
60443
60494
60494
60501
60504
60505
60514
60520
60523
60524
60555
60565
60565
60591
60593
60614
60628
60642
60646
60659
60668
60675
60685
60692
60703
60705
60711
60711
60718
60722
60738
60801
60809
60818
60826
60827
60862
60915
60921
60933
60941
60986
60993
61003
61020
61030
61039
61049
61049
61052
61075
61082
61103
61106
61133
61142
61145
61145
61160
61187
61195
61205
61237
61257
61260
61273
61273
61276
61279
61288
61308
61314
61316
61340
61352
61358
61360
61362
61375
61383
61389
61396
61399
61426
61428
61431
61452
61462
61470
61472
61475
61477
61478
61486
61516
61517
61559
61569
61575
61586
61598
61646
61702
61739
61744
61748
61773
61783
61813
61895
61920
61925
61937
61963
61974
61978
61983
61992
62001
62004
62005
62028
62043
62056
62072
62074
62081
62112
62127
62164
62171
62196
62207
62209
62212
62251
62260
62270
62285
62289
62292
62325
62331
62335
62337
62346
62380
62385
62394
62397
62418
62433
62458
62462
62501
62503
62507
62527
62530
62543
62549
62560
62573
62579
62586
62596
62601
62606
62649
62659
62703
62714
62736
62767
62793
62816
62841
62850
62858
62890
62893
62903
62905
62920
62961
63015
63019
63049
63052
63057
63070
63099
63103
63105
63124
63136
63170
63176
63180
63190
63193
63210
63234
63235
63249
63274
63287
63289
63291
63296
63303
63310
63314
63319
63326
63353
63360
63433
63454
63467
63478
63484
63496
63507
63510
63535
63535
63581
63595
63596
63618
63621
63633
63639
63649
63663
63688
63699
63699
63705
63705
63739
63747
63752
63756
63759
63786
63793
63803
63806
63812
63817
63834
63836
63837
63847
63863
63869
63882
63882
63888
63889
63908
63928
63939
63939
63940
63940
63952
63967
63988
63992
63997
64013
64025
64093
64104
64131
64140
64178
64181
64194
64195
64203
64203
64244
64261
64271
64284
64309
64323
64325
64327
64351
64364
64374
64381
64402
64416
64445
64511
64514
64517
64517
64523
64532
64536
64546
64564
64579
64590
64591
64615
64624
64640
64675
64676
64678
64695
64703
64713
64748
64751
64761
64769
64775
64817
64823
64833
64873
64885
64886
64910
64912
64928
64933
64942
64982
64991
65007
65018
65027
65032
65040
65045
65058
65067
65084
65113
65135
65160
65175
65193
65213
65216
65233
65244
65245
65269
65283
65285
65291
65302
65308
65319
65361
65391
65434
65435
65447
65454
65474
65500
65503
65506
65517
